==Experiment Metadata==
Software Version::TPD Controller v1.1
Data Saved::Mon, Jul 26, 2010 08:57:49
Sample::JRS0035
Experimenter Name::CHeidelberger
Experiment Type::Temp Control Tests
Chamber::Prep
Thermocouple Type::K
Notes::Testing new sample and new sample holder.

==Hardware Parameters==
Start Time::Mon, Jul 26, 2010 08:56:55
Data Points::94
Sample Start Temperature (Thermocouple) [C]::95.54200
Current Limit [A]::4.00000
Temperature Limit [C]::900.00000
Voltage Limit [V]::20.00000
PID Calculates::Current

==PID Gain Schedule==
Kc	Ti[minutes]	Td[minutes]	MaxTemperature[C]
0.0015000	0.1000000	0.0005000	0.00

==Temperature Schedule==
Time[s]	TemperatureSetpoint[C]
0.00	500.00
10.00	500.00
185.00	850.00

==Data==
DateStamp	ElapsedTime[s]	TemperatureSetpoint[C]	CurrentSetpoint[A]	ThermocoupleTemperature[C]	PyrometerTemperature[C]	MeasuredCurrent[A]	MeasuredVoltage[V]	MeasuredResistance[ohms]
7/26/2010 08:56:55	0.000	500.000	0.607	95.262	666.229	0.000	0.050	Inf
7/26/2010 08:56:56	0.374	500.000	0.646	94.782	559.143	0.000	0.050	Inf
7/26/2010 08:56:56	0.874	500.000	0.587	160.970	453.888	0.610	9.630	15.787
7/26/2010 08:56:57	1.374	500.000	0.546	214.920	351.898	0.540	8.660	16.037
7/26/2010 08:56:57	1.874	500.000	0.493	271.720	246.521	0.510	8.230	16.137
7/26/2010 08:56:58	2.374	500.000	0.447	319.710	251.526	0.510	8.230	16.137
7/26/2010 08:56:58	2.874	500.000	0.391	369.500	261.200	0.430	7.390	17.186
7/26/2010 08:56:59	3.374	500.000	0.447	348.480	270.020	0.250	6.920	27.680
7/26/2010 08:56:59	3.874	500.000	0.382	398.200	283.905	0.430	7.370	17.140
7/26/2010 08:57:00	4.374	500.000	0.435	376.450	302.429	0.430	7.370	17.140
7/26/2010 08:57:00	4.874	500.000	0.395	409.000	316.559	0.460	7.200	15.652
7/26/2010 08:57:01	5.374	500.000	0.421	401.780	333.313	0.210	6.940	33.048
7/26/2010 08:57:01	5.874	500.000	0.388	428.720	354.279	0.450	7.140	15.867
7/26/2010 08:57:02	6.374	500.000	0.404	425.930	366.089	0.450	7.140	15.867
7/26/2010 08:57:02	6.874	500.000	0.411	426.930	380.188	0.490	6.730	13.735
7/26/2010 08:57:03	7.374	500.000	0.390	445.320	395.996	0.430	6.900	16.047
7/26/2010 08:57:03	7.874	500.000	0.403	443.000	406.403	0.310	6.730	21.710
7/26/2010 08:57:04	8.374	500.000	0.395	452.060	413.452	0.310	6.730	21.710
7/26/2010 08:57:04	8.874	500.000	0.403	451.310	423.248	0.260	6.530	25.115
7/26/2010 08:57:05	9.374	500.000	0.404	453.780	430.786	0.440	6.490	14.750
7/26/2010 08:57:05	9.874	500.000	0.406	456.550	437.897	0.330	6.450	19.545
7/26/2010 08:57:06	10.374	500.748	0.385	473.090	444.733	0.330	6.450	19.545
7/26/2010 08:57:06	10.874	501.748	0.391	473.740	451.050	0.410	6.530	15.927
7/26/2010 08:57:07	11.374	502.748	0.390	477.540	456.055	0.440	6.530	14.841
7/26/2010 08:57:07	11.874	503.748	0.390	480.370	460.358	0.420	6.510	15.500
7/26/2010 08:57:08	12.374	504.748	0.390	483.420	464.233	0.420	6.510	15.500
7/26/2010 08:57:08	12.874	505.748	0.389	486.510	468.811	0.340	6.470	19.029
7/26/2010 08:57:09	13.374	506.748	0.390	488.590	472.961	0.400	6.450	16.125
7/26/2010 08:57:09	13.874	507.748	0.391	490.390	476.837	0.340	6.450	18.971
7/26/2010 08:57:10	14.374	508.748	0.393	491.750	480.591	0.340	6.450	18.971
7/26/2010 08:57:10	14.874	509.748	0.396	492.290	484.467	0.440	6.470	14.705
7/26/2010 08:57:11	15.374	510.748	0.398	493.080	486.755	0.370	6.430	17.378
7/26/2010 08:57:11	15.874	511.748	0.396	496.940	488.525	0.410	6.410	15.634
7/26/2010 08:57:12	16.374	512.748	0.405	493.260	491.089	0.410	6.410	15.634
7/26/2010 08:57:12	16.874	513.748	0.405	495.510	493.286	0.330	6.410	19.424
7/26/2010 08:57:13	17.374	514.748	0.411	494.820	494.995	0.370	6.380	17.243
7/26/2010 08:57:13	17.874	515.748	0.397	505.620	496.887	0.440	6.410	14.568
7/26/2010 08:57:14	18.374	516.748	0.415	496.710	499.084	0.440	6.410	14.568
7/26/2010 08:57:14	18.874	517.748	0.405	504.670	500.092	0.390	6.380	16.359
7/26/2010 08:57:15	19.374	518.748	0.421	497.470	501.068	0.380	6.340	16.684
7/26/2010 08:57:15	19.874	519.748	0.390	518.220	502.472	0.290	6.450	22.241
7/26/2010 08:57:16	20.374	520.748	0.427	498.550	503.967	0.290	6.450	22.241
7/26/2010 08:57:16	20.874	521.748	0.411	509.330	505.066	0.380	6.340	16.684
7/26/2010 08:57:17	21.374	522.748	0.425	503.770	506.378	0.390	6.300	16.154
7/26/2010 08:57:17	21.874	523.748	0.417	510.460	507.812	0.440	6.360	14.455
7/26/2010 08:57:18	22.374	524.748	0.432	503.870	508.972	0.440	6.360	14.455
7/26/2010 08:57:18	22.874	525.748	0.408	520.050	510.101	0.410	6.410	15.634
7/26/2010 08:57:19	23.374	526.748	0.445	500.130	510.864	0.400	6.210	15.525
7/26/2010 08:57:19	23.874	527.748	0.391	534.650	511.902	0.350	6.510	18.600
7/26/2010 08:57:20	24.374	528.748	0.451	500.880	513.245	0.350	6.510	18.600
7/26/2010 08:57:20	24.874	529.748	0.387	540.750	514.038	0.360	6.560	18.222
7/26/2010 08:57:21	25.374	530.748	0.455	501.840	514.984	0.380	6.170	16.237
7/26/2010 08:57:21	25.874	531.748	0.390	542.440	516.449	0.310	6.530	21.065
7/26/2010 08:57:22	26.374	532.748	0.459	503.020	517.609	0.310	6.530	21.065
7/26/2010 08:57:22	26.874	533.748	0.396	542.110	518.127	0.310	6.510	21.000
7/26/2010 08:57:23	27.374	534.748	0.465	502.530	519.165	0.410	6.110	14.902
7/26/2010 08:57:23	27.874	535.748	0.393	547.430	519.806	0.420	6.580	15.667
7/26/2010 08:57:24	28.374	536.748	0.460	509.570	520.325	0.420	6.580	15.667
7/26/2010 08:57:24	28.874	537.748	0.396	549.150	520.630	0.410	6.580	16.049
7/26/2010 08:57:25	29.374	538.748	0.463	510.600	521.179	0.320	6.210	19.406
7/26/2010 08:57:25	29.874	539.748	0.391	555.120	521.973	0.330	6.620	20.061
7/26/2010 08:57:26	30.374	540.748	0.469	510.260	523.193	0.330	6.620	20.061
7/26/2010 08:57:26	30.874	541.748	0.397	554.880	523.834	0.510	6.620	12.980
7/26/2010 08:57:27	31.374	542.748	0.471	512.240	524.780	0.430	6.190	14.395
7/26/2010 08:57:27	31.874	543.748	0.389	562.660	525.574	0.450	6.660	14.800
7/26/2010 08:57:28	32.374	544.748	0.476	512.340	526.184	0.450	6.660	14.800
7/26/2010 08:57:28	32.874	545.748	0.393	563.580	526.306	0.490	6.660	13.592
7/26/2010 08:57:29	33.374	546.748	0.479	513.600	527.527	0.390	6.170	15.821
7/26/2010 08:57:29	33.874	547.748	0.398	563.440	528.015	0.500	6.640	13.280
7/26/2010 08:57:30	34.374	548.748	0.484	514.040	529.144	0.500	6.640	13.280
7/26/2010 08:57:30	34.874	549.748	0.395	568.670	529.449	0.400	6.710	16.775
7/26/2010 08:57:31	35.374	550.748	0.485	516.370	530.121	0.310	6.210	20.032
7/26/2010 08:57:31	35.874	551.748	0.396	571.160	530.365	0.380	6.750	17.763
7/26/2010 08:57:32	36.374	552.748	0.488	517.880	530.731	0.380	6.750	17.763
7/26/2010 08:57:32	36.874	553.748	0.401	571.500	530.914	0.440	6.710	15.250
7/26/2010 08:57:33	37.374	554.748	0.492	518.550	532.227	0.340	6.190	18.206
7/26/2010 08:57:33	37.874	555.748	0.388	582.320	533.081	0.460	6.770	14.717
7/26/2010 08:57:34	38.374	556.748	0.497	519.010	534.088	0.460	6.770	14.717
7/26/2010 08:57:34	38.874	557.748	0.392	582.710	535.248	0.530	6.770	12.774
7/26/2010 08:57:35	39.374	558.748	0.500	520.150	535.950	0.330	6.170	18.697
7/26/2010 08:57:35	39.874	559.748	0.395	583.720	536.072	0.540	6.790	12.574
7/26/2010 08:57:36	40.374	560.748	0.507	518.910	537.079	0.540	6.790	12.574
7/26/2010 08:57:36	40.874	561.748	0.390	590.220	537.415	0.540	6.790	12.574
7/26/2010 08:57:37	41.374	562.748	0.512	519.240	538.269	0.380	6.110	16.079
7/26/2010 08:57:37	41.874	563.748	0.386	595.370	538.940	0.480	6.840	14.250
7/26/2010 08:57:38	42.374	564.748	0.513	521.780	539.856	0.480	6.840	14.250
7/26/2010 08:57:38	42.874	565.748	0.391	595.460	540.100	0.520	6.840	13.154
7/26/2010 08:57:39	43.374	566.748	0.518	521.560	541.046	0.420	6.080	14.476
7/26/2010 08:57:39	43.874	567.748	0.394	596.790	541.229	0.440	6.840	15.545
7/26/2010 08:57:40	44.374	568.748	0.519	523.680	542.511	0.440	6.840	15.545
7/26/2010 08:57:40	44.874	569.748	0.400	596.580	542.877	0.500	6.840	13.680
7/26/2010 08:57:41	45.374	570.748	0.522	525.560	543.610	0.430	6.080	14.140
7/26/2010 08:57:41	45.874	571.748	0.396	601.870	543.976	0.510	6.860	13.451
7/26/2010 08:57:42	46.374	572.748	0.528	525.350	544.708	0.510	6.860	13.451
