==Experiment Metadata==
Software Version::TPD Controller v1.1
Data Saved::Mon, Jul 26, 2010 09:07:28
Sample::JRS0035
Experimenter Name::CHeidelberger
Experiment Type::Temp Control Test
Chamber::Prep
Thermocouple Type::K
Notes::Testing gain scheduling. Gain as a function of T.

==Hardware Parameters==
Start Time::Mon, Jul 26, 2010 09:04:18
Data Points::358
Sample Start Temperature (Thermocouple) [C]::75.94900
Current Limit [A]::4.00000
Temperature Limit [C]::900.00000
Voltage Limit [V]::20.00000
PID Calculates::Current

==PID Gain Schedule==
Kc	Ti[minutes]	Td[minutes]	MaxResistance[ohms]
0.0010000	0.2000000	0.0005000	10.00
0.0005000	0.1000000	0.0005000	1000.00

==Temperature Schedule==
Time[s]	TemperatureSetpoint[C]
0.00	500.00
10.00	500.00
210.00	900.00

==Data==
DateStamp	ElapsedTime[s]	TemperatureSetpoint[C]	CurrentSetpoint[A]	ThermocoupleTemperature[C]	PyrometerTemperature[C]	MeasuredCurrent[A]	MeasuredVoltage[V]	MeasuredResistance[ohms]
7/26/2010 09:04:18	0.000	500.000	0.424	75.764	470.306	0.000	0.050	Inf
7/26/2010 09:04:18	0.355	500.000	0.424	75.247	417.480	0.000	0.050	Inf
7/26/2010 09:04:19	0.855	500.000	0.367	210.690	362.793	0.440	6.960	15.818
7/26/2010 09:04:19	1.355	500.000	0.358	257.130	304.901	0.370	7.910	21.378
7/26/2010 09:04:20	1.855	500.000	0.374	248.770	249.084	0.370	7.910	21.378
7/26/2010 09:04:20	2.355	500.000	0.367	279.800	252.533	0.370	7.870	21.270
7/26/2010 09:04:21	2.855	500.000	0.365	302.490	249.115	0.410	7.520	18.341
7/26/2010 09:04:21	3.355	500.000	0.360	327.310	246.063	0.380	7.650	20.132
7/26/2010 09:04:22	3.855	500.000	0.357	347.770	245.270	0.380	7.650	20.132
7/26/2010 09:04:22	4.355	500.000	0.368	339.140	251.465	0.370	7.820	21.135
7/26/2010 09:04:23	4.855	500.000	0.352	381.060	254.364	0.370	7.780	21.027
7/26/2010 09:04:23	5.355	500.000	0.349	397.650	267.944	0.370	7.650	20.676
7/26/2010 09:04:24	5.855	500.000	0.347	410.130	287.018	0.370	7.650	20.676
7/26/2010 09:04:24	6.355	500.000	0.347	417.280	309.662	0.430	7.350	17.093
7/26/2010 09:04:25	6.855	500.000	0.353	412.980	327.087	0.300	7.140	23.800
7/26/2010 09:04:25	7.355	500.000	0.352	420.920	347.076	0.460	7.140	15.522
7/26/2010 09:04:26	7.855	500.000	0.345	439.970	362.732	0.460	7.140	15.522
7/26/2010 09:04:26	8.355	500.000	0.349	438.920	375.183	0.300	7.030	23.433
7/26/2010 09:04:27	8.855	500.000	0.357	428.860	387.970	0.350	6.620	18.914
7/26/2010 09:04:27	9.355	500.000	0.350	446.480	396.942	0.350	6.620	18.914
7/26/2010 09:04:28	9.855	500.000	0.349	452.130	406.769	0.390	6.750	17.308
7/26/2010 09:04:28	10.355	500.710	0.349	457.110	416.077	0.480	6.710	13.979
7/26/2010 09:04:29	10.855	501.710	0.351	457.520	425.385	0.490	6.580	13.429
7/26/2010 09:04:29	11.355	502.710	0.351	462.760	432.892	0.470	6.640	14.128
7/26/2010 09:04:30	11.855	503.710	0.349	470.330	440.857	0.450	6.620	14.711
7/26/2010 09:04:30	12.355	504.710	0.354	465.600	447.845	0.450	6.620	14.711
7/26/2010 09:04:31	12.855	505.710	0.358	461.320	452.576	0.430	6.380	14.837
7/26/2010 09:04:31	13.355	506.710	0.356	469.180	457.062	0.280	6.410	22.893
7/26/2010 09:04:32	13.855	507.710	0.360	465.930	461.578	0.280	6.410	22.893
7/26/2010 09:04:32	14.355	508.710	0.362	466.070	465.698	0.380	6.300	16.579
7/26/2010 09:04:33	14.855	509.710	0.364	467.360	469.452	0.330	6.280	19.030
7/26/2010 09:04:33	15.355	510.710	0.365	470.070	472.839	0.410	6.300	15.366
7/26/2010 09:04:34	15.855	511.710	0.366	471.920	476.013	0.410	6.300	15.366
7/26/2010 09:04:34	16.355	512.710	0.366	476.670	478.333	0.350	6.300	18.000
7/26/2010 09:04:35	16.855	513.710	0.367	477.510	480.469	0.420	6.260	14.905
7/26/2010 09:04:35	17.355	514.710	0.369	478.810	482.178	0.390	6.280	16.103
7/26/2010 09:04:36	17.855	515.710	0.371	478.320	484.711	0.420	6.260	14.905
7/26/2010 09:04:36	18.355	516.710	0.373	479.160	486.481	0.420	6.260	14.905
7/26/2010 09:04:37	18.855	517.710	0.373	482.490	488.129	0.360	6.360	17.667
7/26/2010 09:04:37	19.355	518.710	0.370	490.770	489.960	0.360	6.340	17.611
7/26/2010 09:04:38	19.855	519.710	0.373	488.990	491.516	0.360	6.340	17.611
7/26/2010 09:04:38	20.355	520.710	0.374	491.260	492.004	0.360	6.340	17.611
7/26/2010 09:04:39	20.855	521.710	0.377	489.540	493.164	0.330	6.300	19.091
7/26/2010 09:04:39	21.355	522.710	0.377	491.270	494.385	0.410	6.300	15.366
7/26/2010 09:04:40	21.855	523.710	0.379	492.560	495.209	0.380	6.300	16.579
7/26/2010 09:04:40	22.355	524.710	0.381	491.650	496.613	0.380	6.300	16.579
7/26/2010 09:04:41	22.855	525.710	0.383	491.520	497.711	0.380	6.280	16.526
7/26/2010 09:04:41	23.355	526.710	0.384	493.590	498.627	0.360	6.280	17.444
7/26/2010 09:04:42	23.855	527.710	0.386	492.120	499.359	0.330	6.280	19.030
7/26/2010 09:04:42	24.355	528.710	0.388	493.250	499.908	0.430	6.260	14.558
7/26/2010 09:04:43	24.855	529.710	0.389	493.820	500.336	0.430	6.260	14.558
7/26/2010 09:04:43	25.355	530.710	0.391	494.990	500.732	0.420	6.260	14.905
7/26/2010 09:04:44	25.855	531.710	0.393	495.050	501.190	0.340	6.280	18.471
7/26/2010 09:04:44	26.355	532.710	0.395	494.960	501.648	0.380	6.260	16.474
7/26/2010 09:04:45	26.855	533.710	0.395	497.890	502.197	0.380	6.260	16.474
7/26/2010 09:04:45	27.355	534.710	0.395	502.810	502.533	0.380	6.360	16.737
7/26/2010 09:04:46	27.855	535.710	0.395	505.450	503.235	0.380	6.360	16.737
7/26/2010 09:04:46	28.355	536.710	0.398	503.990	503.601	0.370	6.360	17.189
7/26/2010 09:04:47	28.855	537.710	0.400	504.600	503.876	0.370	6.360	17.189
7/26/2010 09:04:47	29.355	538.710	0.401	505.670	504.700	0.390	6.380	16.359
7/26/2010 09:04:48	29.855	539.710	0.407	497.730	505.219	0.350	6.230	17.800
7/26/2010 09:04:48	30.355	540.710	0.409	497.780	505.432	0.350	6.230	17.800
7/26/2010 09:04:49	30.855	541.710	0.411	499.120	505.646	0.330	6.260	18.970
7/26/2010 09:04:49	31.355	542.710	0.411	503.370	505.615	0.320	6.280	19.625
7/26/2010 09:04:50	31.855	543.710	0.414	502.060	505.493	0.330	6.280	19.030
7/26/2010 09:04:50	32.355	544.710	0.416	501.630	505.859	0.330	6.280	19.030
7/26/2010 09:04:51	32.855	545.710	0.418	501.720	506.195	0.330	6.280	19.030
7/26/2010 09:04:51	33.355	546.710	0.420	502.480	506.744	0.330	6.280	19.030
7/26/2010 09:04:52	33.855	547.710	0.419	508.670	507.538	0.440	6.340	14.409
7/26/2010 09:04:52	34.355	548.710	0.426	500.820	507.599	0.410	6.260	15.268
7/26/2010 09:04:53	34.855	549.710	0.424	508.740	507.874	0.410	6.260	15.268
7/26/2010 09:04:53	35.355	550.710	0.426	510.380	508.545	0.350	6.340	18.114
7/26/2010 09:04:54	35.855	551.710	0.428	509.940	509.155	0.430	6.320	14.698
7/26/2010 09:04:54	36.355	552.710	0.430	509.690	509.857	0.380	6.300	16.579
7/26/2010 09:04:55	36.855	553.710	0.428	517.580	510.712	0.400	6.360	15.900
7/26/2010 09:04:55	37.355	554.710	0.435	509.450	511.353	0.400	6.360	15.900
7/26/2010 09:04:56	37.855	555.710	0.431	520.660	512.177	0.360	6.360	17.667
7/26/2010 09:04:56	38.355	556.710	0.435	517.180	512.665	0.440	6.360	14.455
7/26/2010 09:04:57	38.855	557.710	0.438	516.150	513.336	0.440	6.360	14.455
7/26/2010 09:04:57	39.355	558.710	0.440	516.930	514.130	0.370	6.340	17.135
7/26/2010 09:04:58	39.855	559.710	0.430	538.780	514.893	0.410	6.660	16.244
7/26/2010 09:04:58	40.355	560.710	0.433	537.350	515.259	0.350	6.600	18.857
7/26/2010 09:04:59	40.855	561.710	0.432	541.380	516.022	0.350	6.600	18.857
7/26/2010 09:04:59	41.355	562.710	0.434	541.130	517.029	0.480	6.620	13.792
7/26/2010 09:05:00	41.855	563.710	0.435	541.630	518.066	0.520	6.620	12.731
7/26/2010 09:05:00	42.355	564.710	0.436	542.040	519.165	0.390	6.580	16.872
7/26/2010 09:05:01	42.855	565.710	0.437	542.470	520.355	0.390	6.580	16.872
7/26/2010 09:05:01	43.355	566.710	0.438	543.440	521.606	0.270	6.560	24.296
7/26/2010 09:05:02	43.855	567.710	0.440	543.490	522.522	0.350	6.580	18.800
7/26/2010 09:05:02	44.355	568.710	0.441	543.790	523.529	0.420	6.560	15.619
7/26/2010 09:05:03	44.855	569.710	0.437	554.400	524.231	0.420	6.560	15.619
7/26/2010 09:05:03	45.355	570.710	0.443	546.360	525.055	0.500	6.580	13.160
7/26/2010 09:05:04	45.855	571.710	0.439	555.750	525.848	0.500	6.690	13.380
7/26/2010 09:05:04	46.355	572.710	0.446	545.950	526.764	0.410	6.560	16.000
7/26/2010 09:05:05	46.855	573.710	0.441	557.180	527.466	0.410	6.560	16.000
7/26/2010 09:05:05	47.355	574.710	0.442	557.630	528.290	0.450	6.660	14.800
7/26/2010 09:05:06	47.855	575.710	0.444	556.810	528.717	0.460	6.690	14.543
7/26/2010 09:05:06	48.355	576.710	0.445	558.020	529.785	0.410	6.640	16.195
7/26/2010 09:05:07	48.855	577.710	0.446	557.770	530.792	0.410	6.640	16.195
7/26/2010 09:05:07	49.355	578.710	0.448	556.800	531.860	0.360	6.620	18.389
7/26/2010 09:05:08	49.855	579.710	0.449	556.960	532.715	0.500	6.660	13.320
7/26/2010 09:05:08	50.355	580.710	0.450	557.820	534.119	0.500	6.660	13.320
7/26/2010 09:05:09	50.855	581.710	0.449	563.040	534.760	0.520	6.640	12.769
7/26/2010 09:05:09	51.355	582.710	0.452	559.210	534.912	0.390	6.580	16.872
7/26/2010 09:05:10	51.855	583.710	0.451	563.940	535.522	0.480	6.660	13.875
7/26/2010 09:05:10	52.355	584.710	0.453	564.110	536.377	0.430	6.660	15.488
7/26/2010 09:05:11	52.855	585.710	0.453	565.220	536.865	0.430	6.660	15.488
7/26/2010 09:05:11	53.355	586.710	0.454	566.170	537.476	0.460	6.640	14.435
7/26/2010 09:05:12	53.855	587.710	0.456	564.610	538.483	0.450	6.690	14.867
7/26/2010 09:05:12	54.355	588.710	0.456	567.210	539.246	0.450	6.690	14.867
7/26/2010 09:05:13	54.855	589.710	0.458	566.930	539.520	0.450	6.660	14.800
7/26/2010 09:05:13	55.355	590.710	0.460	566.860	540.466	0.470	6.640	14.128
7/26/2010 09:05:14	55.855	591.710	0.463	563.860	540.955	0.440	6.660	15.136
7/26/2010 09:05:14	56.355	592.710	0.460	571.810	541.321	0.440	6.660	15.136
7/26/2010 09:05:15	56.855	593.710	0.464	567.500	541.687	0.350	6.640	18.971
7/26/2010 09:05:15	57.355	594.710	0.463	572.710	542.511	0.460	6.710	14.587
7/26/2010 09:05:16	57.855	595.710	0.464	573.610	542.664	0.470	6.710	14.277
7/26/2010 09:05:16	58.355	596.710	0.465	573.640	543.274	0.470	6.710	14.277
7/26/2010 09:05:17	58.855	597.710	0.469	569.540	543.793	0.520	6.580	12.654
7/26/2010 09:05:17	59.355	598.710	0.468	573.400	544.525	0.270	6.660	24.667
7/26/2010 09:05:18	59.855	599.710	0.470	573.770	545.105	0.380	6.690	17.605
7/26/2010 09:05:18	60.355	600.710	0.474	569.320	545.502	0.380	6.690	17.605
7/26/2010 09:05:19	60.855	601.710	0.471	578.220	545.715	0.330	6.730	20.394
7/26/2010 09:05:19	61.355	602.710	0.472	579.130	546.021	0.470	6.730	14.319
7/26/2010 09:05:20	61.855	603.710	0.475	577.110	546.295	0.330	6.750	20.455
7/26/2010 09:05:20	62.355	604.710	0.474	580.480	546.478	0.330	6.750	20.455
7/26/2010 09:05:21	62.855	605.710	0.476	580.640	547.272	0.460	6.750	14.674
7/26/2010 09:05:21	63.355	606.710	0.477	581.570	548.187	0.280	6.730	24.036
7/26/2010 09:05:22	63.855	607.710	0.478	581.840	549.103	0.280	6.730	24.036
7/26/2010 09:05:22	64.355	608.710	0.480	581.060	549.561	0.480	6.750	14.062
7/26/2010 09:05:23	64.855	609.710	0.479	587.150	550.262	0.480	6.770	14.104
7/26/2010 09:05:23	65.355	610.710	0.482	583.370	550.751	0.300	6.730	22.433
7/26/2010 09:05:24	65.855	611.710	0.482	586.240	550.964	0.510	6.750	13.235
7/26/2010 09:05:24	66.355	612.710	0.483	588.810	551.483	0.510	6.750	13.235
7/26/2010 09:05:25	66.855	613.710	0.484	588.780	552.246	0.460	6.730	14.630
7/26/2010 09:05:25	67.355	614.710	0.488	585.340	553.040	0.470	6.730	14.319
7/26/2010 09:05:26	67.855	615.710	0.488	588.010	553.558	0.520	6.770	13.019
7/26/2010 09:05:26	68.355	616.710	0.489	588.430	553.802	0.520	6.770	13.019
7/26/2010 09:05:27	68.855	617.710	0.491	588.460	554.291	0.480	6.750	14.062
7/26/2010 09:05:27	69.355	618.710	0.488	597.380	554.626	0.510	6.810	13.353
7/26/2010 09:05:28	69.855	619.710	0.495	587.900	554.901	0.430	6.690	15.558
7/26/2010 09:05:28	70.355	620.710	0.491	597.010	555.359	0.430	6.690	15.558
7/26/2010 09:05:29	70.855	621.710	0.493	597.070	556.396	0.540	6.770	12.537
7/26/2010 09:05:29	71.355	622.710	0.495	596.690	556.976	0.510	6.750	13.235
7/26/2010 09:05:30	71.855	623.710	0.496	597.600	557.465	0.320	6.750	21.094
7/26/2010 09:05:30	72.355	624.710	0.497	598.770	558.289	0.320	6.750	21.094
7/26/2010 09:05:31	72.855	625.710	0.499	598.400	559.021	0.540	6.730	12.463
7/26/2010 09:05:31	73.355	626.710	0.500	598.380	559.692	0.520	6.730	12.942
7/26/2010 09:05:32	73.855	627.710	0.500	602.300	560.394	0.510	6.770	13.275
7/26/2010 09:05:32	74.355	628.710	0.504	598.620	561.615	0.510	6.770	13.275
7/26/2010 09:05:33	74.855	629.710	0.504	601.850	562.286	0.540	6.750	12.500
7/26/2010 09:05:33	75.355	630.710	0.505	602.240	562.958	0.440	6.750	15.341
7/26/2010 09:05:34	75.855	631.710	0.506	603.170	563.568	0.350	6.730	19.229
7/26/2010 09:05:34	76.355	632.710	0.508	603.060	564.392	0.350	6.730	19.229
7/26/2010 09:05:35	76.855	633.710	0.509	604.700	564.697	0.520	6.730	12.942
7/26/2010 09:05:35	77.355	634.710	0.511	604.100	565.155	0.480	6.730	14.021
7/26/2010 09:05:36	77.855	635.710	0.511	608.200	565.613	0.450	6.750	15.000
7/26/2010 09:05:36	78.355	636.710	0.513	606.400	566.345	0.450	6.750	15.000
7/26/2010 09:05:37	78.855	637.710	0.514	607.910	566.956	0.420	6.770	16.119
7/26/2010 09:05:37	79.355	638.710	0.516	607.390	567.719	0.490	6.730	13.735
7/26/2010 09:05:38	79.855	639.710	0.518	607.510	568.756	0.540	6.710	12.426
7/26/2010 09:05:38	80.355	640.710	0.520	607.410	569.824	0.540	6.710	12.426
7/26/2010 09:05:39	80.855	641.710	0.520	611.300	570.312	0.410	6.750	16.463
7/26/2010 09:05:39	81.355	642.710	0.524	607.850	570.709	0.540	6.690	12.389
7/26/2010 09:05:40	81.855	643.710	0.523	612.630	571.106	0.510	6.730	13.196
7/26/2010 09:05:40	82.355	644.710	0.525	612.550	571.564	0.510	6.730	13.196
7/26/2010 09:05:41	82.855	645.710	0.527	612.850	571.838	0.530	6.710	12.660
7/26/2010 09:05:41	83.355	646.710	0.529	612.010	572.510	0.510	6.690	13.118
7/26/2010 09:05:42	83.855	647.710	0.531	612.240	573.120	0.530	6.710	12.660
7/26/2010 09:05:42	84.355	648.710	0.528	620.810	573.578	0.530	6.710	12.660
7/26/2010 09:05:43	84.855	649.710	0.534	612.850	574.005	0.410	6.690	16.317
7/26/2010 09:05:43	85.355	650.710	0.532	621.120	574.341	0.550	6.750	12.273
7/26/2010 09:05:44	85.855	651.710	0.534	621.320	575.012	0.420	6.750	16.071
7/26/2010 09:05:44	86.355	652.710	0.535	622.200	576.019	0.420	6.750	16.071
7/26/2010 09:05:45	86.855	653.710	0.537	622.180	576.874	0.530	6.730	12.698
7/26/2010 09:05:45	87.355	654.710	0.539	621.840	577.515	0.550	6.730	12.236
7/26/2010 09:05:46	87.855	655.710	0.540	622.850	578.430	0.370	6.710	18.135
7/26/2010 09:05:46	88.355	656.710	0.540	625.800	579.163	0.370	6.710	18.135
7/26/2010 09:05:47	88.855	657.710	0.542	626.980	579.254	0.410	6.750	16.463
7/26/2010 09:05:47	89.355	658.710	0.543	626.990	580.109	0.580	6.730	11.603
7/26/2010 09:05:48	89.855	659.710	0.546	626.370	581.055	0.480	6.690	13.938
7/26/2010 09:05:48	90.355	660.710	0.548	624.750	582.062	0.480	6.690	13.938
7/26/2010 09:05:49	90.855	661.710	0.550	624.610	582.642	0.570	6.690	11.737
7/26/2010 09:05:49	91.355	662.710	0.550	628.970	583.588	0.570	6.710	11.772
7/26/2010 09:05:50	91.855	663.710	0.552	629.460	584.473	0.590	6.690	11.339
7/26/2010 09:05:50	92.355	664.710	0.554	628.600	584.381	0.590	6.690	11.339
7/26/2010 09:05:51	92.855	665.710	0.556	628.930	585.022	0.580	6.640	11.448
7/26/2010 09:05:51	93.355	666.710	0.560	625.630	585.541	0.530	6.580	12.415
7/26/2010 09:05:52	93.855	667.710	0.563	624.740	585.907	0.440	6.620	15.045
7/26/2010 09:05:52	94.355	668.710	0.562	629.960	585.968	0.440	6.620	15.045
7/26/2010 09:05:53	94.855	669.710	0.565	628.180	586.914	0.450	6.620	14.711
7/26/2010 09:05:53	95.355	670.710	0.568	626.960	586.975	0.580	6.600	11.379
7/26/2010 09:05:54	95.855	671.710	0.570	627.030	587.402	0.510	6.580	12.902
7/26/2010 09:05:54	96.355	672.710	0.566	639.150	588.013	0.510	6.580	12.902
7/26/2010 09:05:55	96.855	673.710	0.574	628.860	588.715	0.490	6.620	13.510
7/26/2010 09:05:55	97.355	674.710	0.572	637.330	589.233	0.460	6.660	14.478
7/26/2010 09:05:56	97.855	675.710	0.575	635.580	590.027	0.520	6.620	12.731
7/26/2010 09:05:56	98.355	676.710	0.576	637.520	590.790	0.520	6.620	12.731
7/26/2010 09:05:57	98.855	677.710	0.578	637.370	591.736	0.580	6.600	11.379
7/26/2010 09:05:57	99.355	678.710	0.581	636.530	592.529	0.550	6.600	12.000
7/26/2010 09:05:58	99.855	679.710	0.581	640.960	593.353	0.540	6.600	12.222
7/26/2010 09:05:58	100.355	680.710	0.583	640.410	594.269	0.540	6.600	12.222
7/26/2010 09:05:59	100.855	681.710	0.585	640.300	595.062	0.600	6.620	11.033
7/26/2010 09:05:59	101.355	682.710	0.588	639.860	595.428	0.540	6.530	12.093
7/26/2010 09:06:00	101.855	683.710	0.590	639.890	596.039	0.600	6.580	10.967
7/26/2010 09:06:00	102.355	684.710	0.590	644.520	596.649	0.600	6.580	10.967
7/26/2010 09:06:01	102.855	685.710	0.593	643.510	597.198	0.440	6.600	15.000
7/26/2010 09:06:01	103.355	686.710	0.595	643.620	597.900	0.620	6.580	10.613
7/26/2010 09:06:02	103.855	687.710	0.599	641.510	598.724	0.570	6.580	11.544
7/26/2010 09:06:02	104.355	688.710	0.600	642.410	599.213	0.570	6.580	11.544
7/26/2010 09:06:03	104.855	689.710	0.600	647.750	599.762	0.590	6.600	11.186
7/26/2010 09:06:03	105.355	690.710	0.605	642.550	600.189	0.490	6.560	13.388
7/26/2010 09:06:04	105.855	691.710	0.605	647.080	600.311	0.630	6.600	10.476
7/26/2010 09:06:04	106.355	692.710	0.607	647.610	600.922	0.630	6.600	10.476
7/26/2010 09:06:05	106.855	693.710	0.609	648.530	601.593	0.500	6.580	13.160
7/26/2010 09:06:05	107.355	694.710	0.612	647.350	602.142	0.540	6.530	12.093
7/26/2010 09:06:06	107.855	695.710	0.613	650.660	602.783	0.470	6.530	13.894
7/26/2010 09:06:06	108.355	696.710	0.616	649.470	603.394	0.470	6.530	13.894
7/26/2010 09:06:07	108.855	697.710	0.620	647.640	603.882	0.620	6.510	10.500
7/26/2010 09:06:07	109.355	698.710	0.622	647.830	603.882	0.620	6.490	10.468
7/26/2010 09:06:08	109.855	699.710	0.621	654.620	604.706	0.640	6.530	10.203
7/26/2010 09:06:08	110.355	700.710	0.624	653.590	605.255	0.640	6.530	10.203
7/26/2010 09:06:09	110.855	701.710	0.627	652.020	606.049	0.490	6.510	13.286
7/26/2010 09:06:09	111.355	702.710	0.630	652.360	606.598	0.640	6.470	10.109
7/26/2010 09:06:10	111.855	703.710	0.633	651.740	607.819	0.650	6.490	9.985
7/26/2010 09:06:10	112.355	704.710	0.633	657.320	608.368	0.650	6.490	9.985
7/26/2010 09:06:11	112.855	705.710	0.642	652.340	608.856	0.600	6.470	10.783
7/26/2010 09:06:11	113.355	706.710	0.642	659.230	609.375	0.610	6.490	10.639
7/26/2010 09:06:12	113.855	707.710	0.644	659.600	609.924	0.630	6.490	10.302
7/26/2010 09:06:12	114.355	708.710	0.646	660.020	610.809	0.630	6.490	10.302
7/26/2010 09:06:13	114.855	709.710	0.650	658.460	611.603	0.650	6.430	9.892
7/26/2010 09:06:13	115.355	710.710	0.650	658.330	612.732	0.590	6.470	10.966
7/26/2010 09:06:14	115.855	711.710	0.650	657.040	613.556	0.650	6.450	9.923
7/26/2010 09:06:14	116.355	712.710	0.650	656.560	614.502	0.650	6.450	9.923
7/26/2010 09:06:15	116.855	713.710	0.652	657.930	614.594	0.520	6.430	12.365
7/26/2010 09:06:15	117.355	714.710	0.652	661.670	615.021	0.650	6.450	9.923
7/26/2010 09:06:16	117.855	715.710	0.652	661.500	615.295	0.610	6.450	10.574
7/26/2010 09:06:16	118.355	716.710	0.652	661.820	615.784	0.610	6.450	10.574
7/26/2010 09:06:17	118.855	717.710	0.654	662.290	616.150	0.570	6.450	11.316
7/26/2010 09:06:17	119.355	718.710	0.657	662.310	616.699	0.650	6.430	9.892
7/26/2010 09:06:18	119.855	719.710	0.657	662.830	617.249	0.650	6.430	9.892
7/26/2010 09:06:18	120.355	720.710	0.661	661.860	617.645	0.650	6.430	9.892
7/26/2010 09:06:19	120.855	721.710	0.655	670.910	617.889	0.660	6.470	9.803
7/26/2010 09:06:19	121.355	722.710	0.670	660.320	618.469	0.660	6.380	9.667
7/26/2010 09:06:20	121.855	723.710	0.657	675.310	619.110	0.590	6.450	10.932
7/26/2010 09:06:20	122.355	724.710	0.657	660.230	619.446	0.590	6.450	10.932
7/26/2010 09:06:21	122.855	725.710	0.660	659.630	619.934	0.650	6.410	9.862
7/26/2010 09:06:21	123.355	726.710	0.660	670.130	620.270	0.670	6.430	9.597
7/26/2010 09:06:22	123.855	727.710	0.663	671.020	620.544	0.620	6.410	10.339
7/26/2010 09:06:22	124.355	728.710	0.663	669.490	620.697	0.620	6.410	10.339
7/26/2010 09:06:23	124.855	729.710	0.666	669.110	621.002	0.610	6.430	10.541
7/26/2010 09:06:23	125.355	730.710	0.670	667.870	621.368	0.650	6.410	9.862
7/26/2010 09:06:24	125.855	731.710	0.670	667.560	621.796	0.580	6.380	11.000
7/26/2010 09:06:24	126.355	732.710	0.670	666.940	621.643	0.580	6.380	11.000
7/26/2010 09:06:25	126.855	733.710	0.673	667.160	622.131	0.620	6.380	10.290
7/26/2010 09:06:25	127.355	734.710	0.674	671.980	622.498	0.650	6.410	9.862
7/26/2010 09:06:26	127.855	735.710	0.674	671.450	622.589	0.630	6.430	10.206
7/26/2010 09:06:26	128.355	736.710	0.674	670.970	623.169	0.630	6.430	10.206
7/26/2010 09:06:27	128.855	737.710	0.677	671.880	623.962	0.620	6.410	10.339
7/26/2010 09:06:27	129.355	738.710	0.680	671.670	624.481	0.660	6.410	9.712
7/26/2010 09:06:28	129.855	739.710	0.680	669.880	624.695	0.660	6.410	9.712
7/26/2010 09:06:28	130.355	740.710	0.684	669.670	625.214	0.600	6.360	10.600
7/26/2010 09:06:29	130.855	741.710	0.684	675.580	625.214	0.670	6.380	9.522
7/26/2010 09:06:29	131.355	742.710	0.684	674.380	625.488	0.660	6.410	9.712
7/26/2010 09:06:30	131.855	743.710	0.688	674.470	625.519	0.650	6.380	9.815
7/26/2010 09:06:30	132.355	744.710	0.695	671.410	625.824	0.650	6.380	9.815
7/26/2010 09:06:31	132.855	745.710	0.691	678.420	626.190	0.640	6.410	10.016
7/26/2010 09:06:31	133.355	746.710	0.691	677.210	626.923	0.570	6.430	11.281
7/26/2010 09:06:32	133.855	747.710	0.695	677.200	627.533	0.670	6.360	9.493
7/26/2010 09:06:32	134.355	748.710	0.695	676.870	628.235	0.670	6.360	9.493
7/26/2010 09:06:33	134.855	749.710	0.701	674.800	628.754	0.670	6.380	9.522
7/26/2010 09:06:33	135.355	750.710	0.692	686.560	629.120	0.690	6.430	9.319
7/26/2010 09:06:34	135.855	751.710	0.710	674.080	629.639	0.680	6.340	9.324
7/26/2010 09:06:34	136.355	752.710	0.697	689.750	629.944	0.680	6.340	9.324
7/26/2010 09:06:35	136.855	753.710	0.718	673.810	630.310	0.690	6.340	9.188
7/26/2010 09:06:35	137.355	754.710	0.705	688.990	630.707	0.620	6.380	10.290
7/26/2010 09:06:36	137.855	755.710	0.705	682.740	631.470	0.590	6.340	10.746
7/26/2010 09:06:36	138.355	756.710	0.710	681.300	631.866	0.590	6.340	10.746
7/26/2010 09:06:37	138.855	757.710	0.714	680.620	632.324	0.710	6.340	8.930
7/26/2010 09:06:37	139.355	758.710	0.714	685.510	632.843	0.630	6.340	10.063
7/26/2010 09:06:38	139.855	759.710	0.714	684.270	633.331	0.630	6.340	10.063
7/26/2010 09:06:38	140.355	760.710	0.717	684.940	633.881	0.630	6.340	10.063
7/26/2010 09:06:39	140.855	761.710	0.721	684.900	634.583	0.620	6.340	10.226
7/26/2010 09:06:39	141.355	762.710	0.722	688.590	635.162	0.720	6.360	8.833
7/26/2010 09:06:40	141.855	763.710	0.722	688.640	635.406	0.720	6.360	8.833
7/26/2010 09:06:40	142.355	764.710	0.726	688.770	636.169	0.700	6.320	9.029
7/26/2010 09:06:41	142.855	765.710	0.734	685.440	636.505	0.730	6.340	8.685
7/26/2010 09:06:41	143.355	766.710	0.732	690.850	636.414	0.670	6.320	9.433
7/26/2010 09:06:42	143.855	767.710	0.738	689.900	636.963	0.670	6.320	9.433
7/26/2010 09:06:42	144.355	768.710	0.742	689.510	637.909	0.590	6.320	10.712
7/26/2010 09:06:43	144.855	769.710	0.742	693.200	638.458	0.650	6.320	9.723
7/26/2010 09:06:43	145.355	770.710	0.742	691.890	638.763	0.650	6.320	9.723
7/26/2010 09:06:44	145.855	771.710	0.746	692.540	639.984	0.610	6.340	10.393
7/26/2010 09:06:44	146.355	772.710	0.746	691.060	640.259	0.730	6.300	8.630
7/26/2010 09:06:45	146.855	773.710	0.746	689.920	640.503	0.750	6.300	8.400
7/26/2010 09:06:45	147.355	774.710	0.750	689.920	641.083	0.710	6.340	8.930
7/26/2010 09:06:46	147.855	775.710	0.742	702.040	641.541	0.710	6.340	8.930
7/26/2010 09:06:46	148.355	776.710	0.758	691.650	642.181	0.730	6.280	8.603
7/26/2010 09:06:47	148.855	777.710	0.751	701.340	642.822	0.750	6.320	8.427
7/26/2010 09:06:47	149.355	778.710	0.759	698.640	643.372	0.720	6.320	8.778
7/26/2010 09:06:48	149.855	779.710	0.763	698.890	643.890	0.720	6.320	8.778
7/26/2010 09:06:48	150.355	780.710	0.763	703.310	644.989	0.630	6.320	10.032
7/26/2010 09:06:49	150.855	781.710	0.763	701.170	645.294	0.750	6.300	8.400
7/26/2010 09:06:49	151.355	782.710	0.763	701.050	646.301	0.750	6.300	8.400
7/26/2010 09:06:50	151.855	783.710	0.768	700.300	647.217	0.750	6.300	8.400
7/26/2010 09:06:50	152.355	784.710	0.774	699.170	647.827	0.720	6.260	8.694
7/26/2010 09:06:51	152.855	785.710	0.773	704.110	648.071	0.740	6.300	8.514
7/26/2010 09:06:51	153.355	786.710	0.780	701.760	648.590	0.680	6.280	9.235
7/26/2010 09:06:52	153.855	787.710	0.777	708.640	649.109	0.680	6.280	9.235
7/26/2010 09:06:52	154.355	788.710	0.790	700.550	649.719	0.740	6.280	8.486
7/26/2010 09:06:53	154.855	789.710	0.780	714.250	650.085	0.760	6.320	8.316
7/26/2010 09:06:53	155.355	790.710	0.807	693.760	650.787	0.760	6.320	8.316
7/26/2010 09:06:54	155.855	791.710	0.786	716.350	651.367	0.770	6.300	8.182
7/26/2010 09:06:54	156.355	792.710	0.807	702.690	651.855	0.720	6.230	8.653
7/26/2010 09:06:55	156.855	793.710	0.794	717.730	651.855	0.760	6.320	8.316
7/26/2010 09:06:55	157.355	794.710	0.808	709.670	652.802	0.760	6.320	8.316
7/26/2010 09:06:56	157.855	795.710	0.807	714.620	653.564	0.780	6.260	8.026
7/26/2010 09:06:56	158.355	796.710	0.812	714.300	654.236	0.780	6.260	8.026
7/26/2010 09:06:57	158.855	797.710	0.811	719.020	654.785	0.780	6.260	8.026
7/26/2010 09:06:57	159.355	798.710	0.818	717.030	655.914	0.780	6.260	8.026
7/26/2010 09:06:58	159.855	799.710	0.825	714.120	656.769	0.780	6.230	7.987
7/26/2010 09:06:58	160.355	800.710	0.824	719.650	657.288	0.790	6.210	7.861
7/26/2010 09:06:59	160.855	801.710	0.831	717.710	658.203	0.790	6.210	7.861
7/26/2010 09:06:59	161.355	802.710	0.830	722.380	659.210	0.810	6.150	7.593
7/26/2010 09:07:00	161.855	803.710	0.843	714.650	660.065	0.820	6.170	7.524
7/26/2010 09:07:00	162.355	804.710	0.836	725.350	660.736	0.810	6.210	7.667
7/26/2010 09:07:01	162.855	805.710	0.855	712.620	661.499	0.790	6.150	7.785
7/26/2010 09:07:01	163.355	806.710	0.844	726.630	662.231	0.790	6.150	7.785
7/26/2010 09:07:02	163.855	807.710	0.857	719.160	662.994	0.820	6.150	7.500
7/26/2010 09:07:02	164.355	808.710	0.857	722.910	663.818	0.830	6.170	7.434
7/26/2010 09:07:03	164.855	809.710	0.863	722.090	664.581	0.760	6.150	8.092
7/26/2010 09:07:03	165.355	810.710	0.864	725.210	665.649	0.760	6.150	8.092
7/26/2010 09:07:04	165.855	811.710	0.869	724.950	666.565	0.840	6.150	7.321
7/26/2010 09:07:04	166.355	812.710	0.874	724.270	667.236	0.820	6.130	7.476
7/26/2010 09:07:05	166.855	813.710	0.874	728.860	668.365	0.830	6.150	7.410
7/26/2010 09:07:05	167.355	814.710	0.881	726.910	669.037	0.830	6.150	7.410
7/26/2010 09:07:06	167.855	815.710	0.888	724.580	669.586	0.850	6.150	7.235
7/26/2010 09:07:06	168.355	816.710	0.883	734.050	670.166	0.850	6.130	7.212
7/26/2010 09:07:07	168.855	817.710	0.887	734.950	671.143	0.850	6.130	7.212
7/26/2010 09:07:07	169.355	818.710	0.897	729.660	671.448	0.860	6.110	7.105
7/26/2010 09:07:08	169.855	819.710	0.894	736.430	672.241	0.860	6.130	7.128
7/26/2010 09:07:08	170.355	820.710	0.901	734.420	673.157	0.870	6.110	7.023
7/26/2010 09:07:09	170.855	821.710	0.902	737.720	674.225	0.870	6.110	7.023
7/26/2010 09:07:09	171.355	822.710	0.906	738.520	674.774	0.870	6.110	7.023
7/26/2010 09:07:10	171.855	823.710	0.915	733.840	675.781	0.870	6.080	6.989
7/26/2010 09:07:10	172.355	824.710	0.914	739.520	676.483	0.880	6.060	6.886
7/26/2010 09:07:11	172.855	825.710	0.921	737.480	677.155	0.880	6.060	6.886
7/26/2010 09:07:11	173.355	826.710	0.932	731.170	677.856	0.890	6.110	6.865
7/26/2010 09:07:12	173.855	827.710	0.936	731.900	678.162	0.900	6.110	6.789
7/26/2010 09:07:12	174.355	828.710	0.940	733.250	678.864	0.900	6.060	6.733
7/26/2010 09:07:13	174.855	829.710	0.943	734.690	680.084	0.900	6.060	6.733
7/26/2010 09:07:13	175.355	830.710	0.948	734.900	680.939	0.910	6.080	6.681
7/26/2010 09:07:14	175.855	831.710	0.952	736.040	681.824	0.910	6.060	6.659
7/26/2010 09:07:14	176.355	832.710	0.956	736.480	683.075	0.910	6.060	6.659
7/26/2010 09:07:15	176.855	833.710	0.960	737.750	683.929	0.910	6.060	6.659
7/26/2010 09:07:15	177.355	834.710	0.965	738.090	683.960	0.920	6.040	6.565
7/26/2010 09:07:16	177.855	835.710	0.969	739.190	684.814	0.930	6.040	6.495
7/26/2010 09:07:16	178.355	836.710	0.973	740.050	685.547	0.930	6.040	6.495
