==Experiment Metadata==
Software Version::TPD Controller v1.2
Data Saved::Thu, Jul 29, 2010 08:21:47
Sample::JRS0035
Experimenter Name::Cheidelberger
Experiment Type::TPD
Chamber::Prep
Thermocouple Type::K
Notes::Temp Control Test

==Hardware Parameters==
Start Time::Thu, Jul 29, 2010 08:20:22
Data Points::122
Sample Start Temperature (Thermocouple) [C]::27.19400
Current Limit [A]::4.00000
Temperature Limit [C]::900.00000
Voltage Limit [V]::20.00000
PID Calculates::Current

==PID Gain Schedule==
Kc	Ti[minutes]	Td[minutes]	MaxTemperature[C]
0.0020000	0.1000000	0.0010000	0.00

==Temperature Schedule==
Time[s]	TemperatureSetpoint[C]
0.00	400.00
20.00	400.00
60.00	800.00

==Data==
DateStamp	ElapsedTime[s]	TemperatureSetpoint[C]	CurrentSetpoint[A]	ThermocoupleTemperature[C]	PyrometerTemperature[C]	MeasuredCurrent[A]	MeasuredVoltage[V]	MeasuredResistance[ohms]	StageTemperature[C]
7/29/2010 08:20:23	0.000	400.000	0.728	36.101	258.484	0.360	3.960	11.000	25.279
7/29/2010 08:20:23	0.125	400.000	0.735	38.736	259.247	0.360	3.960	11.000	26.851
7/29/2010 08:20:24	0.626	400.000	0.698	81.820	251.923	0.680	4.950	7.279	29.464
7/29/2010 08:20:24	1.126	400.000	0.700	108.250	254.631	0.640	4.640	7.250	28.751
7/29/2010 08:20:25	1.625	400.000	0.692	135.330	255.890	0.660	4.600	6.970	28.593
7/29/2010 08:20:25	2.125	400.000	0.681	161.870	251.129	0.660	4.580	6.939	28.516
7/29/2010 08:20:26	2.626	400.000	0.673	184.960	251.190	0.660	4.580	6.939	28.509
7/29/2010 08:20:26	3.126	400.000	0.665	206.360	251.190	0.650	4.520	6.954	28.392
7/29/2010 08:20:27	3.625	400.000	0.654	227.020	250.519	0.640	4.490	7.016	28.334
7/29/2010 08:20:27	4.125	400.000	0.645	245.440	246.399	0.620	4.450	7.177	28.156
7/29/2010 08:20:28	4.626	400.000	0.636	262.320	252.899	0.620	4.450	7.177	28.185
7/29/2010 08:20:28	5.126	400.000	0.630	276.670	252.563	0.600	4.240	7.067	27.870
7/29/2010 08:20:29	5.625	400.000	0.620	291.030	261.566	0.610	4.220	6.918	27.912
7/29/2010 08:20:29	6.125	400.000	0.611	304.610	268.524	0.610	4.220	6.918	27.812
7/29/2010 08:20:30	6.626	400.000	0.603	316.120	280.823	0.580	4.240	7.310	27.875
7/29/2010 08:20:30	7.126	400.000	0.591	328.440	289.429	0.540	4.490	8.315	27.883
7/29/2010 08:20:31	7.625	400.000	0.580	339.700	306.030	0.560	4.450	7.946	28.015
7/29/2010 08:20:31	8.125	400.000	0.569	349.680	319.977	0.560	4.450	7.946	27.769
7/29/2010 08:20:32	8.626	400.000	0.560	358.180	328.186	0.520	4.320	8.308	27.701
7/29/2010 08:20:32	9.126	400.000	0.550	366.450	341.797	0.530	4.340	8.189	27.629
7/29/2010 08:20:33	9.625	400.000	0.542	373.140	351.410	0.540	4.090	7.574	27.523
7/29/2010 08:20:33	10.125	400.000	0.536	378.530	355.896	0.540	4.090	7.574	27.353
7/29/2010 08:20:34	10.626	400.000	0.529	383.630	359.009	0.480	4.220	8.792	27.423
7/29/2010 08:20:34	11.125	400.000	0.523	387.890	366.333	0.490	4.090	8.347	27.280
7/29/2010 08:20:35	11.625	400.000	0.516	392.060	368.622	0.490	4.110	8.388	27.295
7/29/2010 08:20:35	12.125	400.000	0.511	395.390	376.038	0.490	4.110	8.388	27.191
7/29/2010 08:20:36	12.626	400.000	0.505	398.380	381.714	0.510	4.070	7.980	27.203
7/29/2010 08:20:36	13.125	400.000	0.501	400.820	387.207	0.470	4.000	8.511	27.137
7/29/2010 08:20:37	13.625	400.000	0.495	403.450	391.937	0.470	4.000	8.511	27.139
7/29/2010 08:20:37	14.125	400.000	0.491	405.120	396.271	0.470	4.000	8.511	27.075
7/29/2010 08:20:38	14.626	400.000	0.489	406.080	397.858	0.450	3.940	8.756	27.071
7/29/2010 08:20:38	15.125	400.000	0.487	406.570	400.146	0.430	3.810	8.860	26.957
7/29/2010 08:20:39	15.625	400.000	0.484	407.070	401.154	0.450	3.810	8.467	26.952
7/29/2010 08:20:39	16.125	400.000	0.482	407.500	402.283	0.450	3.810	8.467	26.926
7/29/2010 08:20:40	16.625	400.000	0.480	408.070	401.642	0.480	3.810	7.937	27.011
7/29/2010 08:20:40	17.125	400.000	0.480	407.590	401.550	0.430	3.740	8.698	26.902
7/29/2010 08:20:41	17.625	400.000	0.478	407.630	401.215	0.430	3.740	8.698	26.882
7/29/2010 08:20:41	18.126	400.000	0.478	407.190	402.710	0.470	3.740	7.957	26.896
7/29/2010 08:20:42	18.626	400.000	0.476	407.350	404.297	0.430	3.740	8.698	26.910
7/29/2010 08:20:42	19.125	400.000	0.476	407.220	405.762	0.440	3.740	8.500	26.925
7/29/2010 08:20:43	19.625	400.000	0.475	406.920	405.273	0.440	3.740	8.500	26.923
7/29/2010 08:20:43	20.126	401.260	0.476	407.070	405.426	0.420	3.740	8.905	26.902
7/29/2010 08:20:44	20.625	406.250	0.485	407.220	403.809	0.410	3.740	9.122	26.896
7/29/2010 08:20:44	21.125	411.250	0.495	407.510	402.252	0.430	3.810	8.860	26.948
7/29/2010 08:20:45	21.625	416.250	0.502	409.140	400.665	0.430	3.810	8.860	26.999
7/29/2010 08:20:45	22.126	421.260	0.509	411.320	401.001	0.460	4.000	8.696	27.122
7/29/2010 08:20:46	22.625	426.250	0.519	412.610	402.100	0.470	4.000	8.511	27.167
7/29/2010 08:20:46	23.125	431.250	0.527	414.590	404.999	0.480	4.070	8.479	27.228
7/29/2010 08:20:47	23.625	436.250	0.535	417.000	406.464	0.480	4.070	8.479	27.230
7/29/2010 08:20:47	24.126	441.260	0.540	420.820	409.119	0.510	4.220	8.275	27.466
7/29/2010 08:20:48	24.625	446.250	0.547	424.330	412.292	0.500	4.220	8.440	27.427
7/29/2010 08:20:48	25.125	451.250	0.555	427.230	414.642	0.520	4.190	8.058	27.461
7/29/2010 08:20:49	25.625	456.250	0.562	430.880	416.077	0.520	4.190	8.058	27.521
7/29/2010 08:20:49	26.126	461.260	0.569	434.580	420.013	0.530	4.340	8.189	27.601
7/29/2010 08:20:50	26.625	466.250	0.577	437.950	423.676	0.510	4.370	8.569	27.659
7/29/2010 08:20:50	27.125	471.250	0.581	442.800	427.124	0.550	4.410	8.018	27.807
7/29/2010 08:20:51	27.625	476.250	0.589	446.620	430.786	0.550	4.410	8.018	27.764
7/29/2010 08:20:51	28.126	481.260	0.596	450.540	434.845	0.570	4.450	7.807	27.821
7/29/2010 08:20:52	28.625	486.250	0.602	455.000	438.202	0.580	4.490	7.741	27.874
7/29/2010 08:20:52	29.125	491.250	0.608	459.620	441.986	0.580	4.560	7.862	28.009
7/29/2010 08:20:53	29.625	496.250	0.615	463.670	446.167	0.580	4.560	7.862	28.028
7/29/2010 08:20:53	30.126	501.260	0.621	468.340	450.348	0.560	4.620	8.250	28.123
7/29/2010 08:20:54	30.625	506.250	0.626	473.890	454.437	0.580	4.730	8.155	28.310
7/29/2010 08:20:54	31.125	511.250	0.631	478.930	459.045	0.610	4.730	7.754	28.346
7/29/2010 08:20:55	31.625	516.250	0.637	483.700	463.287	0.610	4.730	7.754	28.454
7/29/2010 08:20:55	32.126	521.260	0.643	488.370	467.133	0.580	4.770	8.224	28.408
7/29/2010 08:20:56	32.626	526.260	0.648	493.400	470.642	0.620	4.820	7.774	28.541
7/29/2010 08:20:56	33.125	531.250	0.656	497.640	475.586	0.630	4.820	7.651	28.580
7/29/2010 08:20:57	33.625	536.250	0.664	501.350	479.248	0.630	4.820	7.651	28.714
7/29/2010 08:20:57	34.126	541.260	0.666	508.070	483.673	0.640	4.950	7.734	28.978
7/29/2010 08:20:58	34.625	546.250	0.673	512.470	488.098	0.650	4.920	7.569	28.987
7/29/2010 08:20:58	35.125	551.250	0.678	517.570	492.981	0.640	4.970	7.766	29.079
7/29/2010 08:20:59	35.625	556.250	0.685	522.090	496.918	0.640	4.970	7.766	29.058
7/29/2010 08:20:59	36.126	561.260	0.691	526.850	502.319	0.650	4.990	7.677	29.186
7/29/2010 08:21:00	36.625	566.250	0.697	531.900	506.622	0.650	5.030	7.738	29.268
7/29/2010 08:21:00	37.125	571.250	0.707	534.740	511.505	0.650	4.950	7.615	29.199
7/29/2010 08:21:01	37.625	576.250	0.711	540.480	516.144	0.650	4.950	7.615	29.378
7/29/2010 08:21:01	38.126	581.260	0.720	544.450	520.294	0.680	5.050	7.426	29.553
7/29/2010 08:21:02	38.625	586.250	0.728	548.320	523.773	0.670	4.990	7.448	29.534
7/29/2010 08:21:02	39.125	591.250	0.735	552.900	528.015	0.680	5.050	7.426	29.620
7/29/2010 08:21:03	39.625	596.250	0.745	556.550	531.982	0.680	5.050	7.426	29.698
7/29/2010 08:21:03	40.126	601.260	0.753	560.720	536.011	0.710	5.070	7.141	29.836
7/29/2010 08:21:04	40.625	606.250	0.758	566.220	540.192	0.720	5.120	7.111	30.104
7/29/2010 08:21:04	41.125	611.250	0.768	569.780	544.189	0.710	5.100	7.183	30.040
7/29/2010 08:21:05	41.625	616.250	0.776	574.580	548.157	0.710	5.100	7.183	30.179
7/29/2010 08:21:05	42.126	621.260	0.784	579.080	551.392	0.740	5.120	6.919	30.294
7/29/2010 08:21:06	42.625	626.250	0.793	583.160	554.321	0.750	5.140	6.853	30.369
7/29/2010 08:21:06	43.125	631.250	0.801	587.500	558.167	0.760	5.140	6.763	30.603
7/29/2010 08:21:07	43.625	636.250	0.809	592.160	562.378	0.760	5.140	6.763	30.684
7/29/2010 08:21:07	44.126	641.260	0.820	595.530	566.132	0.770	5.140	6.675	30.515
7/29/2010 08:21:08	44.625	646.250	0.829	599.700	569.885	0.780	5.160	6.615	30.802
7/29/2010 08:21:08	45.125	651.250	0.845	601.320	573.975	0.780	5.140	6.590	30.689
7/29/2010 08:21:09	45.625	656.250	0.845	609.310	577.118	0.780	5.140	6.590	31.193
7/29/2010 08:21:09	46.125	661.250	0.859	612.000	579.559	0.800	5.160	6.450	31.059
7/29/2010 08:21:10	46.625	666.250	0.872	614.880	582.947	0.830	5.160	6.217	31.075
7/29/2010 08:21:10	47.125	671.250	0.879	620.280	586.761	0.830	5.160	6.217	31.434
7/29/2010 08:21:11	47.626	676.260	0.890	624.050	590.210	0.840	5.180	6.167	31.227
7/29/2010 08:21:11	48.125	681.250	0.893	631.470	593.567	0.860	5.220	6.070	31.866
7/29/2010 08:21:12	48.625	686.250	0.917	630.130	597.473	0.860	5.180	6.023	31.636
7/29/2010 08:21:12	49.125	691.250	0.922	636.020	600.342	0.900	5.220	5.800	31.866
7/29/2010 08:21:13	49.626	696.260	0.930	641.780	603.210	0.900	5.220	5.800	32.109
7/29/2010 08:21:13	50.126	701.260	0.944	644.660	606.659	0.900	5.200	5.778	32.119
7/29/2010 08:21:14	50.625	706.250	0.955	648.980	610.260	0.890	5.200	5.843	32.263
7/29/2010 08:21:14	51.125	711.250	0.969	652.110	613.586	0.920	5.200	5.652	32.135
7/29/2010 08:21:15	51.626	716.260	0.978	657.060	617.065	0.930	5.180	5.570	32.239
7/29/2010 08:21:15	52.126	721.260	0.990	661.010	620.087	0.930	5.180	5.570	32.505
7/29/2010 08:21:16	52.626	726.260	0.999	666.730	622.803	0.950	5.220	5.495	32.756
7/29/2010 08:21:16	53.125	731.250	1.019	667.130	625.916	0.970	5.180	5.340	32.427
7/29/2010 08:21:17	53.626	736.260	1.023	674.760	629.089	0.980	5.220	5.327	33.121
7/29/2010 08:21:17	54.126	741.260	1.036	678.630	632.202	0.980	5.220	5.327	33.001
7/29/2010 08:21:18	54.626	746.260	1.050	682.180	635.406	1.000	5.200	5.200	32.874
7/29/2010 08:21:18	55.125	751.250	1.069	683.370	638.519	1.000	5.180	5.180	33.062
7/29/2010 08:21:19	55.626	756.260	1.067	693.770	641.327	1.000	5.180	5.180	33.641
7/29/2010 08:21:19	56.126	761.260	1.095	691.770	643.982	1.020	5.180	5.078	33.312
7/29/2010 08:21:20	56.625	766.250	1.091	702.810	647.156	1.050	5.220	4.971	33.954
7/29/2010 08:21:20	57.125	771.250	1.118	701.100	650.543	1.050	5.200	4.952	33.564
7/29/2010 08:21:21	57.626	776.260	1.116	711.640	653.534	1.080	5.220	4.833	34.185
7/29/2010 08:21:21	58.126	781.260	1.152	706.180	656.494	1.080	5.220	4.833	33.477
7/29/2010 08:21:22	58.626	786.260	1.122	728.520	659.790	1.100	5.220	4.745	35.013
7/29/2010 08:21:22	59.125	791.250	1.189	710.500	662.231	1.090	5.100	4.679	33.357
7/29/2010 08:21:23	59.626	796.260	1.145	737.830	664.551	1.150	5.200	4.522	35.058
7/29/2010 08:21:23	60.126	800.000	1.219	716.400	667.450	1.150	5.200	4.522	33.484
