==Experiment Metadata==
Software Version::TPD Controller v1.2
Data Saved::Thu, Jul 29, 2010 08:54:03
Sample::JRS0035
Experimenter Name::Cheidelberger
Experiment Type::TPD
Chamber::Prep
Thermocouple Type::K
Notes::H-passivation

==Hardware Parameters==
Start Time::Thu, Jul 29, 2010 08:48:26
Data Points::425
Sample Start Temperature (Thermocouple) [C]::54.90900
Current Limit [A]::4.00000
Temperature Limit [C]::900.00000
Voltage Limit [V]::20.00000
PID Calculates::Current

==PID Gain Schedule==
Kc	Ti[minutes]	Td[minutes]	MaxTemperature[C]
0.0020000	0.1000000	0.0010000	0.00

==Temperature Schedule==
Time[s]	TemperatureSetpoint[C]
0.00	400.00
20.00	400.00
3000.00	400.00

==Data==
DateStamp	ElapsedTime[s]	TemperatureSetpoint[C]	CurrentSetpoint[A]	ThermocoupleTemperature[C]	PyrometerTemperature[C]	MeasuredCurrent[A]	MeasuredVoltage[V]	MeasuredResistance[ohms]	StageTemperature[C]
7/29/2010 08:48:26	0.000	400.000	0.690	54.923	613.770	0.000	0.050	Inf	28.852
7/29/2010 08:48:27	0.771	400.000	0.704	87.619	557.190	0.660	3.790	5.742	31.410
7/29/2010 08:48:27	1.271	400.000	0.707	110.950	502.747	0.700	3.680	5.257	31.377
7/29/2010 08:48:28	1.770	400.000	0.706	134.370	446.289	0.670	3.680	5.493	31.404
7/29/2010 08:48:28	2.270	400.000	0.706	156.180	389.404	0.670	3.680	5.493	31.383
7/29/2010 08:48:29	2.771	400.000	0.702	177.610	388.428	0.660	3.760	5.697	31.391
7/29/2010 08:48:29	3.271	400.000	0.697	197.950	390.259	0.670	3.810	5.687	31.483
7/29/2010 08:48:30	3.770	400.000	0.693	216.320	389.587	0.670	3.790	5.657	31.404
7/29/2010 08:48:30	4.270	400.000	0.686	234.270	388.245	0.670	3.790	5.657	31.463
7/29/2010 08:48:31	4.771	400.000	0.678	251.570	388.550	0.660	3.870	5.864	31.399
7/29/2010 08:48:31	5.271	400.000	0.669	267.540	387.939	0.660	3.910	5.924	31.372
7/29/2010 08:48:32	5.770	400.000	0.659	283.010	385.468	0.620	3.940	6.355	31.399
7/29/2010 08:48:32	6.270	400.000	0.653	295.740	384.155	0.620	3.940	6.355	31.249
7/29/2010 08:48:33	6.771	400.000	0.644	308.570	384.460	0.610	3.830	6.279	31.282
7/29/2010 08:48:33	7.270	400.000	0.635	320.330	383.789	0.620	3.830	6.177	31.265
7/29/2010 08:48:34	7.770	400.000	0.626	331.150	385.529	0.620	3.850	6.210	31.208
7/29/2010 08:48:34	8.270	400.000	0.615	341.640	388.947	0.620	3.850	6.210	31.195
7/29/2010 08:48:35	8.771	400.000	0.607	350.410	391.663	0.560	3.740	6.679	31.059
7/29/2010 08:48:35	9.270	400.000	0.599	358.510	392.944	0.570	3.740	6.561	31.038
7/29/2010 08:48:36	9.770	400.000	0.591	365.700	394.501	0.540	3.700	6.852	31.011
7/29/2010 08:48:36	10.270	400.000	0.582	372.870	396.210	0.540	3.700	6.852	31.006
7/29/2010 08:48:37	10.770	400.000	0.574	378.900	395.691	0.570	3.720	6.526	31.013
7/29/2010 08:48:37	11.270	400.000	0.566	384.470	396.698	0.550	3.700	6.727	30.988
7/29/2010 08:48:38	11.770	400.000	0.561	388.420	401.428	0.540	3.610	6.685	30.842
7/29/2010 08:48:38	12.270	400.000	0.553	393.120	403.870	0.540	3.610	6.685	30.881
7/29/2010 08:48:39	12.770	400.000	0.546	397.070	405.792	0.520	3.610	6.942	30.836
7/29/2010 08:48:39	13.270	400.000	0.541	399.890	409.607	0.500	3.570	7.140	30.799
7/29/2010 08:48:40	13.770	400.000	0.534	403.110	412.109	0.500	3.570	7.140	30.808
7/29/2010 08:48:40	14.271	400.000	0.529	405.460	412.811	0.500	3.550	7.100	30.816
7/29/2010 08:48:41	14.770	400.000	0.526	406.500	414.764	0.510	3.440	6.745	30.636
7/29/2010 08:48:41	15.270	400.000	0.522	407.870	416.260	0.470	3.440	7.319	30.645
7/29/2010 08:48:42	15.770	400.000	0.519	408.880	417.847	0.470	3.440	7.319	30.665
7/29/2010 08:48:42	16.271	400.000	0.515	410.020	418.701	0.470	3.380	7.191	30.555
7/29/2010 08:48:43	16.770	400.000	0.512	410.360	419.769	0.480	3.380	7.042	30.584
7/29/2010 08:48:43	17.270	400.000	0.508	411.360	420.959	0.460	3.380	7.348	30.617
7/29/2010 08:48:44	17.770	400.000	0.507	411.260	420.929	0.460	3.380	7.348	30.519
7/29/2010 08:48:44	18.271	400.000	0.505	411.460	420.898	0.470	3.310	7.043	30.526
7/29/2010 08:48:45	18.771	400.000	0.503	411.570	420.959	0.480	3.310	6.896	30.565
7/29/2010 08:48:45	19.270	400.000	0.500	411.880	421.204	0.480	3.310	6.896	30.511
7/29/2010 08:48:46	19.770	400.000	0.499	411.560	421.204	0.480	3.310	6.896	30.489
7/29/2010 08:48:46	20.271	400.000	0.498	411.130	421.631	0.470	3.250	6.915	30.511
7/29/2010 08:48:47	20.771	400.000	0.497	410.640	421.661	0.450	3.250	7.222	30.478
7/29/2010 08:48:47	21.270	400.000	0.495	410.480	421.967	0.460	3.250	7.065	30.467
7/29/2010 08:48:48	21.770	400.000	0.494	410.400	421.722	0.460	3.250	7.065	30.496
7/29/2010 08:48:48	22.271	400.000	0.494	409.690	421.539	0.470	3.250	6.915	30.495
7/29/2010 08:48:49	22.771	400.000	0.492	409.590	421.265	0.460	3.230	7.022	30.502
7/29/2010 08:48:49	23.270	400.000	0.491	409.350	420.990	0.460	3.250	7.065	30.410
7/29/2010 08:48:50	23.770	400.000	0.490	409.320	420.746	0.460	3.250	7.065	30.523
7/29/2010 08:48:50	24.271	400.000	0.491	408.100	420.532	0.430	3.120	7.256	30.373
7/29/2010 08:48:51	24.770	400.000	0.489	408.140	419.891	0.480	3.230	6.729	30.528
7/29/2010 08:48:51	25.270	400.000	0.490	406.970	419.708	0.470	3.120	6.638	30.424
7/29/2010 08:48:52	25.770	400.000	0.490	406.670	419.739	0.470	3.120	6.638	30.505
7/29/2010 08:48:52	26.271	400.000	0.491	405.830	419.250	0.420	3.120	7.429	30.401
7/29/2010 08:48:53	26.770	400.000	0.490	405.760	418.976	0.470	3.210	6.830	30.536
7/29/2010 08:48:53	27.270	400.000	0.490	404.940	418.762	0.450	3.120	6.933	30.448
7/29/2010 08:48:54	27.770	400.000	0.489	404.950	417.847	0.450	3.120	6.933	30.532
7/29/2010 08:48:54	28.271	400.000	0.491	403.900	417.664	0.470	3.100	6.596	30.409
7/29/2010 08:48:55	28.770	400.000	0.490	403.930	417.267	0.470	3.230	6.872	30.551
7/29/2010 08:48:55	29.270	400.000	0.489	404.060	416.473	0.460	3.210	6.978	30.531
7/29/2010 08:48:56	29.770	400.000	0.490	403.310	416.443	0.460	3.210	6.978	30.440
7/29/2010 08:48:56	30.271	400.000	0.489	403.340	416.809	0.450	3.210	7.133	30.560
7/29/2010 08:48:57	30.770	400.000	0.491	402.510	415.863	0.440	3.100	7.045	30.428
7/29/2010 08:48:57	31.270	400.000	0.490	402.630	415.741	0.470	3.230	6.872	30.553
7/29/2010 08:48:58	31.770	400.000	0.491	402.020	415.466	0.470	3.230	6.872	30.463
7/29/2010 08:48:58	32.271	400.000	0.490	402.050	414.948	0.460	3.230	7.022	30.552
7/29/2010 08:48:59	32.770	400.000	0.490	402.250	414.917	0.460	3.250	7.065	30.599
7/29/2010 08:48:59	33.270	400.000	0.491	401.680	414.978	0.450	3.140	6.978	30.476
7/29/2010 08:49:00	33.770	400.000	0.489	402.150	414.520	0.450	3.140	6.978	30.638
7/29/2010 08:49:00	34.271	400.000	0.489	401.880	414.917	0.440	3.380	7.682	30.646
7/29/2010 08:49:01	34.770	400.000	0.487	402.900	414.825	0.440	3.360	7.636	30.660
7/29/2010 08:49:01	35.270	400.000	0.486	403.030	415.039	0.440	3.360	7.636	30.693
7/29/2010 08:49:02	35.771	400.000	0.484	403.620	415.466	0.440	3.360	7.636	30.671
7/29/2010 08:49:02	36.271	400.000	0.483	403.870	416.138	0.450	3.360	7.467	30.648
7/29/2010 08:49:03	36.770	400.000	0.482	404.080	416.718	0.440	3.380	7.682	30.662
7/29/2010 08:49:03	37.270	400.000	0.480	404.660	417.358	0.440	3.380	7.682	30.696
7/29/2010 08:49:04	37.770	400.000	0.479	405.050	417.175	0.440	3.380	7.682	30.687
7/29/2010 08:49:04	38.271	400.000	0.478	404.810	417.389	0.440	3.310	7.523	30.643
7/29/2010 08:49:05	38.770	400.000	0.478	404.680	417.511	0.420	3.310	7.881	30.634
7/29/2010 08:49:05	39.270	400.000	0.478	404.390	417.175	0.420	3.310	7.881	30.599
7/29/2010 08:49:06	39.771	400.000	0.477	404.270	417.145	0.420	3.310	7.881	30.632
7/29/2010 08:49:06	40.271	400.000	0.477	404.250	417.236	0.440	3.290	7.477	30.621
7/29/2010 08:49:07	40.770	400.000	0.477	403.800	417.480	0.450	3.290	7.311	30.631
7/29/2010 08:49:07	41.270	400.000	0.476	403.780	416.992	0.420	3.290	7.833	30.643
7/29/2010 08:49:08	41.771	400.000	0.476	403.660	416.687	0.420	3.290	7.833	30.672
7/29/2010 08:49:08	42.270	400.000	0.475	403.800	417.023	0.450	3.290	7.311	30.679
7/29/2010 08:49:09	42.770	400.000	0.475	403.380	416.931	0.440	3.290	7.477	30.615
7/29/2010 08:49:09	43.270	400.000	0.475	403.070	416.199	0.420	3.310	7.881	30.684
7/29/2010 08:49:10	43.771	400.000	0.474	403.310	416.840	0.420	3.310	7.881	30.687
7/29/2010 08:49:10	44.270	400.000	0.474	403.110	416.931	0.430	3.290	7.651	30.667
7/29/2010 08:49:11	44.770	400.000	0.474	402.910	416.443	0.460	3.290	7.152	30.685
7/29/2010 08:49:11	45.270	400.000	0.474	402.690	416.443	0.450	3.290	7.311	30.651
7/29/2010 08:49:12	45.771	400.000	0.474	402.480	416.138	0.450	3.290	7.311	30.702
7/29/2010 08:49:12	46.270	400.000	0.474	402.470	415.161	0.460	3.290	7.152	30.692
7/29/2010 08:49:13	46.770	400.000	0.473	402.350	415.344	0.430	3.290	7.651	30.667
7/29/2010 08:49:13	47.270	400.000	0.473	402.340	414.886	0.450	3.290	7.311	30.704
7/29/2010 08:49:14	47.771	400.000	0.473	402.200	415.039	0.450	3.290	7.311	30.692
7/29/2010 08:49:14	48.271	400.000	0.473	402.150	415.527	0.430	3.290	7.651	30.726
7/29/2010 08:49:15	48.770	400.000	0.472	402.180	415.558	0.440	3.290	7.477	30.725
7/29/2010 08:49:15	49.270	400.000	0.473	401.830	415.253	0.440	3.290	7.477	30.716
7/29/2010 08:49:16	49.771	400.000	0.472	401.840	415.710	0.440	3.290	7.477	30.681
7/29/2010 08:49:16	50.271	400.000	0.472	401.730	414.795	0.420	3.290	7.833	30.706
7/29/2010 08:49:17	50.770	400.000	0.472	401.800	414.551	0.420	3.290	7.833	30.721
7/29/2010 08:49:17	51.271	400.000	0.472	401.680	415.588	0.440	3.290	7.477	30.739
7/29/2010 08:49:18	51.771	400.000	0.472	401.470	415.771	0.450	3.290	7.311	30.739
7/29/2010 08:49:18	52.270	400.000	0.471	401.790	416.077	0.430	3.310	7.698	30.708
7/29/2010 08:49:19	52.770	400.000	0.472	401.250	416.412	0.430	3.310	7.698	30.764
7/29/2010 08:49:19	53.270	400.000	0.471	401.430	416.382	0.430	3.290	7.651	30.753
7/29/2010 08:49:20	53.771	400.000	0.471	401.480	416.199	0.460	3.290	7.152	30.732
7/29/2010 08:49:20	54.270	400.000	0.471	401.430	416.718	0.440	3.290	7.477	30.743
7/29/2010 08:49:21	54.771	400.000	0.471	401.270	416.504	0.440	3.290	7.477	30.785
7/29/2010 08:49:21	55.270	400.000	0.470	401.330	416.962	0.460	3.310	7.196	30.783
7/29/2010 08:49:22	55.771	400.000	0.470	401.210	416.931	0.440	3.290	7.477	30.757
7/29/2010 08:49:22	56.270	400.000	0.471	400.980	416.779	0.440	3.290	7.477	30.784
7/29/2010 08:49:23	56.771	400.000	0.470	401.070	416.534	0.430	3.290	7.651	30.790
7/29/2010 08:49:23	57.270	400.000	0.470	401.150	416.077	0.430	3.290	7.651	30.783
7/29/2010 08:49:24	57.771	400.000	0.470	400.940	415.527	0.460	3.290	7.152	30.806
7/29/2010 08:49:24	58.271	400.000	0.470	400.970	415.436	0.430	3.290	7.651	30.792
7/29/2010 08:49:25	58.770	400.000	0.470	401.010	415.009	0.450	3.290	7.311	30.808
7/29/2010 08:49:25	59.270	400.000	0.470	400.730	414.612	0.430	3.230	7.512	30.711
7/29/2010 08:49:26	59.771	400.000	0.471	400.460	414.459	0.430	3.230	7.512	30.778
7/29/2010 08:49:26	60.271	400.000	0.471	400.160	415.100	0.440	3.270	7.432	30.811
7/29/2010 08:49:27	60.770	400.000	0.471	400.170	415.833	0.450	3.290	7.311	30.819
7/29/2010 08:49:27	61.270	400.000	0.471	400.400	416.077	0.460	3.290	7.152	30.799
7/29/2010 08:49:28	61.771	400.000	0.471	400.140	416.595	0.460	3.290	7.152	30.813
7/29/2010 08:49:28	62.271	400.000	0.470	400.460	416.687	0.450	3.290	7.311	30.821
7/29/2010 08:49:29	62.770	400.000	0.471	400.410	416.107	0.450	3.290	7.311	30.845
7/29/2010 08:49:29	63.270	400.000	0.470	400.500	415.833	0.440	3.290	7.477	30.818
7/29/2010 08:49:30	63.771	400.000	0.471	400.190	414.948	0.440	3.290	7.477	30.810
7/29/2010 08:49:30	64.271	400.000	0.471	400.270	414.429	0.460	3.290	7.152	30.827
7/29/2010 08:49:31	64.770	400.000	0.471	400.220	414.246	0.430	3.290	7.651	30.825
7/29/2010 08:49:31	65.270	400.000	0.470	400.330	414.673	0.430	3.270	7.605	30.866
7/29/2010 08:49:32	65.771	400.000	0.471	400.220	414.368	0.430	3.270	7.605	30.816
7/29/2010 08:49:32	66.271	400.000	0.471	400.170	415.283	0.430	3.290	7.651	30.857
7/29/2010 08:49:33	66.770	400.000	0.470	400.370	415.558	0.440	3.290	7.477	30.861
7/29/2010 08:49:33	67.270	400.000	0.470	400.440	415.619	0.440	3.290	7.477	30.860
7/29/2010 08:49:34	67.771	400.000	0.471	399.820	414.886	0.420	3.230	7.690	30.862
7/29/2010 08:49:34	68.270	400.000	0.471	399.780	415.039	0.430	3.270	7.605	30.870
7/29/2010 08:49:35	68.770	400.000	0.471	399.810	415.009	0.440	3.290	7.477	30.866
7/29/2010 08:49:35	69.270	400.000	0.471	399.870	414.124	0.440	3.290	7.477	30.867
7/29/2010 08:49:36	69.771	400.000	0.471	400.050	414.490	0.440	3.290	7.477	30.870
7/29/2010 08:49:36	70.271	400.000	0.472	399.740	414.795	0.420	3.290	7.833	30.907
7/29/2010 08:49:37	70.770	400.000	0.471	399.870	413.910	0.460	3.270	7.109	30.904
7/29/2010 08:49:37	71.270	400.000	0.471	400.010	414.337	0.450	3.290	7.311	30.892
7/29/2010 08:49:38	71.770	400.000	0.471	400.140	415.375	0.450	3.290	7.311	30.918
7/29/2010 08:49:38	72.271	400.000	0.471	399.870	414.520	0.440	3.290	7.477	30.901
7/29/2010 08:49:39	72.770	400.000	0.470	400.250	414.337	0.460	3.290	7.152	30.913
7/29/2010 08:49:39	73.270	400.000	0.471	400.090	415.009	0.430	3.290	7.651	30.874
7/29/2010 08:49:40	73.771	400.000	0.470	400.240	414.764	0.430	3.290	7.651	30.954
7/29/2010 08:49:40	74.271	400.000	0.470	400.250	414.398	0.430	3.290	7.651	30.940
7/29/2010 08:49:41	74.770	400.000	0.471	399.900	414.856	0.450	3.290	7.311	30.930
7/29/2010 08:49:41	75.270	400.000	0.471	400.060	414.886	0.420	3.290	7.833	30.938
7/29/2010 08:49:42	75.771	400.000	0.471	400.010	415.009	0.420	3.290	7.833	30.934
7/29/2010 08:49:42	76.271	400.000	0.471	399.960	414.917	0.450	3.290	7.311	30.936
7/29/2010 08:49:43	76.770	400.000	0.471	400.010	414.673	0.430	3.290	7.651	30.944
7/29/2010 08:49:43	77.270	400.000	0.470	400.170	415.222	0.440	3.290	7.477	30.931
7/29/2010 08:49:44	77.771	400.000	0.470	400.330	415.802	0.440	3.290	7.477	30.943
7/29/2010 08:49:44	78.271	400.000	0.471	400.080	415.833	0.450	3.290	7.311	30.947
7/29/2010 08:49:45	78.770	400.000	0.470	400.280	415.863	0.450	3.290	7.311	30.987
7/29/2010 08:49:45	79.271	400.000	0.470	400.150	415.741	0.420	3.290	7.833	30.973
7/29/2010 08:49:46	79.771	400.000	0.470	400.140	415.649	0.420	3.290	7.833	30.950
7/29/2010 08:49:46	80.271	400.000	0.470	400.160	415.558	0.440	3.290	7.477	30.985
7/29/2010 08:49:47	80.770	400.000	0.471	400.050	415.741	0.450	3.270	7.267	30.976
7/29/2010 08:49:47	81.271	400.000	0.470	400.470	415.314	0.430	3.290	7.651	31.009
7/29/2010 08:49:48	81.771	400.000	0.471	400.040	415.649	0.460	3.230	7.022	30.916
7/29/2010 08:49:48	82.270	400.000	0.470	400.090	414.948	0.460	3.230	7.022	30.996
7/29/2010 08:49:49	82.771	400.000	0.470	400.240	414.337	0.430	3.290	7.651	30.994
7/29/2010 08:49:49	83.271	400.000	0.471	400.000	413.879	0.450	3.290	7.311	31.021
7/29/2010 08:49:50	83.770	400.000	0.471	399.950	413.452	0.430	3.290	7.651	30.996
7/29/2010 08:49:50	84.270	400.000	0.470	400.310	413.635	0.430	3.290	7.651	31.038
7/29/2010 08:49:51	84.771	400.000	0.471	399.680	414.246	0.430	3.230	7.512	30.979
7/29/2010 08:49:51	85.271	400.000	0.471	399.780	414.581	0.430	3.270	7.605	31.027
7/29/2010 08:49:52	85.770	400.000	0.471	399.730	413.727	0.440	3.270	7.432	31.017
7/29/2010 08:49:52	86.270	400.000	0.471	399.820	414.520	0.440	3.270	7.432	31.055
7/29/2010 08:49:53	86.770	400.000	0.471	399.680	413.818	0.430	3.290	7.651	31.011
7/29/2010 08:49:53	87.271	400.000	0.471	399.720	413.788	0.460	3.290	7.152	31.066
7/29/2010 08:49:54	87.770	400.000	0.471	399.850	413.574	0.430	3.290	7.651	31.032
7/29/2010 08:49:54	88.270	400.000	0.472	399.620	414.093	0.430	3.290	7.651	31.053
7/29/2010 08:49:55	88.770	400.000	0.471	399.950	413.147	0.440	3.290	7.477	31.034
7/29/2010 08:49:55	89.271	400.000	0.471	399.980	413.086	0.460	3.290	7.152	31.040
7/29/2010 08:49:56	89.770	400.000	0.471	399.940	412.811	0.430	3.290	7.651	31.082
7/29/2010 08:49:56	90.270	400.000	0.471	399.960	413.330	0.430	3.290	7.651	31.051
7/29/2010 08:49:57	90.770	400.000	0.470	400.220	414.154	0.440	3.290	7.477	31.080
7/29/2010 08:49:57	91.271	400.000	0.471	399.990	414.642	0.440	3.290	7.477	31.096
7/29/2010 08:49:58	91.770	400.000	0.471	399.950	415.039	0.470	3.290	7.000	31.091
7/29/2010 08:49:58	92.271	400.000	0.471	400.130	415.710	0.470	3.290	7.000	31.095
7/29/2010 08:49:59	92.770	400.000	0.470	400.360	414.490	0.440	3.290	7.477	31.072
7/29/2010 08:49:59	93.271	400.000	0.472	399.580	413.635	0.420	3.230	7.690	31.051
7/29/2010 08:50:00	93.770	400.000	0.471	399.760	414.337	0.430	3.250	7.558	31.067
7/29/2010 08:50:00	94.271	400.000	0.472	399.640	413.971	0.430	3.250	7.558	31.140
7/29/2010 08:50:01	94.770	400.000	0.471	399.720	413.422	0.420	3.290	7.833	31.126
7/29/2010 08:50:01	95.271	400.000	0.471	399.980	413.788	0.440	3.290	7.477	31.123
7/29/2010 08:50:02	95.770	400.000	0.472	399.720	414.337	0.430	3.290	7.651	31.101
7/29/2010 08:50:02	96.271	400.000	0.471	400.030	413.177	0.430	3.290	7.651	31.140
7/29/2010 08:50:03	96.771	400.000	0.471	400.020	414.001	0.430	3.290	7.651	31.121
7/29/2010 08:50:03	97.271	400.000	0.471	400.000	414.276	0.440	3.290	7.477	31.113
7/29/2010 08:50:04	97.770	400.000	0.471	400.040	414.307	0.450	3.290	7.311	31.170
7/29/2010 08:50:04	98.271	400.000	0.471	400.130	413.849	0.410	3.290	8.024	31.156
7/29/2010 08:50:05	98.771	400.000	0.471	400.040	414.856	0.410	3.290	8.024	31.155
7/29/2010 08:50:05	99.271	400.000	0.470	400.240	414.032	0.440	3.290	7.477	31.149
7/29/2010 08:50:06	99.770	400.000	0.471	400.200	414.032	0.450	3.290	7.311	31.166
7/29/2010 08:50:06	100.271	400.000	0.471	400.160	414.093	0.450	3.290	7.311	31.169
7/29/2010 08:50:07	100.770	400.000	0.470	400.480	414.673	0.440	3.310	7.523	31.152
7/29/2010 08:50:07	101.270	400.000	0.472	399.560	414.276	0.440	3.310	7.523	31.080
7/29/2010 08:50:08	101.771	400.000	0.471	399.800	414.520	0.450	3.290	7.311	31.201
7/29/2010 08:50:08	102.270	400.000	0.470	400.160	414.795	0.450	3.290	7.311	31.164
7/29/2010 08:50:09	102.770	400.000	0.471	399.940	414.673	0.450	3.290	7.311	31.190
7/29/2010 08:50:09	103.270	400.000	0.471	399.780	414.581	0.450	3.290	7.311	31.194
7/29/2010 08:50:10	103.771	400.000	0.471	399.910	414.307	0.430	3.310	7.698	31.188
7/29/2010 08:50:10	104.270	400.000	0.471	399.930	414.703	0.450	3.310	7.356	31.199
7/29/2010 08:50:11	104.771	400.000	0.471	400.140	414.398	0.440	3.270	7.432	31.229
7/29/2010 08:50:11	105.270	400.000	0.471	400.140	414.642	0.440	3.270	7.432	31.228
7/29/2010 08:50:12	105.771	400.000	0.470	400.250	414.673	0.420	3.310	7.881	31.229
7/29/2010 08:50:12	106.270	400.000	0.470	400.440	414.520	0.440	3.310	7.523	31.214
7/29/2010 08:50:13	106.771	400.000	0.471	399.900	413.818	0.440	3.310	7.523	31.167
7/29/2010 08:50:13	107.271	400.000	0.471	399.780	413.483	0.440	3.290	7.477	31.239
7/29/2010 08:50:14	107.770	400.000	0.470	400.200	413.330	0.460	3.290	7.152	31.207
7/29/2010 08:50:14	108.270	400.000	0.471	400.060	412.994	0.420	3.290	7.833	31.261
7/29/2010 08:50:15	108.771	400.000	0.471	399.860	413.727	0.430	3.290	7.651	31.254
7/29/2010 08:50:15	109.270	400.000	0.471	400.090	414.154	0.430	3.290	7.651	31.249
7/29/2010 08:50:16	109.771	400.000	0.470	400.380	413.940	0.430	3.290	7.651	31.251
7/29/2010 08:50:16	110.270	400.000	0.471	399.800	414.337	0.420	3.230	7.690	31.186
7/29/2010 08:50:17	110.771	400.000	0.471	399.920	414.093	0.440	3.290	7.477	31.233
7/29/2010 08:50:17	111.270	400.000	0.471	399.880	413.452	0.440	3.290	7.477	31.240
7/29/2010 08:50:18	111.771	400.000	0.471	399.720	413.452	0.430	3.290	7.651	31.263
7/29/2010 08:50:18	112.270	400.000	0.471	399.820	413.605	0.450	3.290	7.311	31.278
7/29/2010 08:50:19	112.771	400.000	0.471	399.840	413.452	0.450	3.290	7.311	31.287
7/29/2010 08:50:19	113.270	400.000	0.471	399.830	413.971	0.450	3.290	7.311	31.281
7/29/2010 08:50:20	113.771	400.000	0.471	399.780	414.551	0.430	3.290	7.651	31.289
7/29/2010 08:50:20	114.270	400.000	0.471	399.990	414.398	0.450	3.290	7.311	31.310
7/29/2010 08:50:21	114.771	400.000	0.471	399.950	414.215	0.450	3.290	7.311	31.296
7/29/2010 08:50:21	115.270	400.000	0.470	400.200	414.062	0.450	3.290	7.311	31.297
7/29/2010 08:50:22	115.771	400.000	0.471	399.850	414.062	0.430	3.290	7.651	31.271
7/29/2010 08:50:22	116.270	400.000	0.470	400.250	414.001	0.430	3.290	7.651	31.306
7/29/2010 08:50:23	116.771	400.000	0.470	400.250	413.696	0.440	3.310	7.523	31.323
7/29/2010 08:50:23	117.270	400.000	0.470	400.300	413.757	0.440	3.310	7.523	31.289
7/29/2010 08:50:24	117.771	400.000	0.470	400.340	413.788	0.450	3.290	7.311	31.323
7/29/2010 08:50:24	118.270	400.000	0.470	400.190	413.849	0.440	3.310	7.523	31.334
7/29/2010 08:50:25	118.771	400.000	0.469	400.610	413.879	0.450	3.310	7.356	31.334
7/29/2010 08:50:25	119.270	400.000	0.470	400.180	415.070	0.450	3.310	7.356	31.302
7/29/2010 08:50:26	119.771	400.000	0.471	399.880	415.314	0.450	3.290	7.311	31.385
7/29/2010 08:50:26	120.270	400.000	0.471	400.030	415.649	0.460	3.310	7.196	31.336
7/29/2010 08:50:27	120.771	400.000	0.470	400.410	415.405	0.440	3.310	7.523	31.327
7/29/2010 08:50:27	121.270	400.000	0.471	399.960	414.825	0.440	3.310	7.523	31.269
7/29/2010 08:50:28	121.771	400.000	0.471	399.890	414.215	0.470	3.290	7.000	31.345
7/29/2010 08:50:28	122.270	400.000	0.471	399.710	414.581	0.440	3.290	7.477	31.357
7/29/2010 08:50:29	122.771	400.000	0.471	399.890	414.948	0.450	3.310	7.356	31.361
7/29/2010 08:50:29	123.270	400.000	0.470	400.120	414.886	0.460	3.290	7.152	31.359
7/29/2010 08:50:30	123.771	400.000	0.470	400.210	414.825	0.440	3.290	7.477	31.367
7/29/2010 08:50:30	124.271	400.000	0.470	400.090	415.131	0.440	3.290	7.477	31.357
7/29/2010 08:50:31	124.771	400.000	0.470	400.100	415.131	0.430	3.310	7.698	31.380
7/29/2010 08:50:31	125.270	400.000	0.470	400.430	414.886	0.440	3.310	7.523	31.369
7/29/2010 08:50:32	125.771	400.000	0.471	399.680	415.497	0.440	3.310	7.523	31.326
7/29/2010 08:50:32	126.271	400.000	0.471	399.750	416.229	0.430	3.290	7.651	31.407
7/29/2010 08:50:33	126.771	400.000	0.471	399.730	415.741	0.470	3.290	7.000	31.385
7/29/2010 08:50:33	127.270	400.000	0.471	399.870	415.039	0.420	3.290	7.833	31.396
7/29/2010 08:50:34	127.771	400.000	0.470	400.120	414.612	0.420	3.290	7.833	31.398
7/29/2010 08:50:34	128.271	400.000	0.470	400.090	413.605	0.440	3.290	7.477	31.425
7/29/2010 08:50:35	128.770	400.000	0.471	399.990	413.422	0.440	3.290	7.477	31.423
7/29/2010 08:50:35	129.271	400.000	0.470	400.180	413.147	0.450	3.310	7.356	31.439
7/29/2010 08:50:36	129.770	400.000	0.470	400.330	413.177	0.440	3.290	7.477	31.440
7/29/2010 08:50:36	130.271	400.000	0.470	400.060	413.788	0.420	3.230	7.690	31.390
7/29/2010 08:50:37	130.770	400.000	0.470	400.070	414.429	0.420	3.230	7.690	31.457
7/29/2010 08:50:37	131.271	400.000	0.471	399.990	414.581	0.430	3.290	7.651	31.460
7/29/2010 08:50:38	131.770	400.000	0.471	399.850	414.673	0.440	3.290	7.477	31.468
7/29/2010 08:50:38	132.271	400.000	0.470	400.030	415.253	0.460	3.290	7.152	31.439
7/29/2010 08:50:39	132.770	400.000	0.470	400.290	415.161	0.460	3.290	7.152	31.443
7/29/2010 08:50:39	133.271	400.000	0.472	399.570	415.009	0.430	3.250	7.558	31.375
7/29/2010 08:50:40	133.770	400.000	0.471	399.690	414.398	0.430	3.290	7.651	31.474
7/29/2010 08:50:40	134.271	400.000	0.471	399.660	414.246	0.430	3.290	7.651	31.487
7/29/2010 08:50:41	134.771	400.000	0.471	399.730	414.307	0.450	3.290	7.311	31.469
7/29/2010 08:50:41	135.270	400.000	0.471	400.030	414.612	0.450	3.310	7.356	31.487
7/29/2010 08:50:42	135.770	400.000	0.471	400.020	414.795	0.430	3.290	7.651	31.486
7/29/2010 08:50:42	136.271	400.000	0.471	399.940	415.100	0.430	3.290	7.651	31.477
7/29/2010 08:50:43	136.771	400.000	0.470	400.240	414.795	0.430	3.310	7.698	31.478
7/29/2010 08:50:43	137.270	400.000	0.471	400.070	414.734	0.440	3.290	7.477	31.514
7/29/2010 08:50:44	137.770	400.000	0.470	400.080	413.788	0.430	3.290	7.651	31.536
7/29/2010 08:50:44	138.271	400.000	0.470	400.260	413.452	0.430	3.290	7.651	31.517
7/29/2010 08:50:45	138.771	400.000	0.470	400.120	413.574	0.430	3.310	7.698	31.508
7/29/2010 08:50:45	139.270	400.000	0.470	400.280	414.551	0.430	3.310	7.698	31.500
7/29/2010 08:50:46	139.770	400.000	0.470	400.220	414.490	0.430	3.230	7.512	31.435
7/29/2010 08:50:46	140.271	400.000	0.471	400.010	414.093	0.430	3.230	7.512	31.529
7/29/2010 08:50:47	140.771	400.000	0.471	399.900	414.307	0.430	3.290	7.651	31.542
7/29/2010 08:50:47	141.270	400.000	0.471	399.820	414.368	0.420	3.290	7.833	31.492
7/29/2010 08:50:48	141.770	400.000	0.470	400.170	414.001	0.440	3.290	7.477	31.553
7/29/2010 08:50:48	142.271	400.000	0.470	400.120	414.124	0.440	3.290	7.477	31.562
7/29/2010 08:50:49	142.771	400.000	0.470	400.310	415.527	0.450	3.310	7.356	31.551
7/29/2010 08:50:49	143.270	400.000	0.471	399.790	415.619	0.450	3.230	7.178	31.496
7/29/2010 08:50:50	143.770	400.000	0.470	399.990	415.802	0.460	3.290	7.152	31.556
7/29/2010 08:50:50	144.271	400.000	0.471	399.820	416.077	0.460	3.290	7.152	31.561
7/29/2010 08:50:51	144.771	400.000	0.471	399.740	415.131	0.420	3.290	7.833	31.540
7/29/2010 08:50:51	145.270	400.000	0.470	400.090	414.520	0.450	3.290	7.311	31.596
7/29/2010 08:50:52	145.770	400.000	0.470	400.090	414.795	0.420	3.290	7.833	31.568
7/29/2010 08:50:52	146.270	400.000	0.470	400.190	413.910	0.420	3.290	7.833	31.575
7/29/2010 08:50:53	146.771	400.000	0.470	400.060	413.605	0.420	3.290	7.833	31.553
7/29/2010 08:50:53	147.270	400.000	0.470	400.250	414.551	0.430	3.290	7.651	31.598
7/29/2010 08:50:54	147.770	400.000	0.471	399.640	414.337	0.430	3.230	7.512	31.515
7/29/2010 08:50:54	148.270	400.000	0.471	399.820	413.757	0.430	3.230	7.512	31.592
7/29/2010 08:50:55	148.771	400.000	0.471	399.700	414.429	0.430	3.290	7.651	31.592
7/29/2010 08:50:55	149.270	400.000	0.471	399.800	414.581	0.450	3.290	7.311	31.605
7/29/2010 08:50:56	149.770	400.000	0.471	399.610	414.886	0.450	3.290	7.311	31.628
7/29/2010 08:50:56	150.271	400.000	0.471	399.970	414.856	0.450	3.290	7.311	31.643
7/29/2010 08:50:57	150.771	400.000	0.471	400.000	414.825	0.440	3.290	7.477	31.596
7/29/2010 08:50:57	151.270	400.000	0.471	399.900	415.039	0.420	3.310	7.881	31.635
7/29/2010 08:50:58	151.770	400.000	0.470	400.200	414.703	0.440	3.310	7.523	31.641
7/29/2010 08:50:58	152.270	400.000	0.471	400.090	414.398	0.480	3.290	6.854	31.627
7/29/2010 08:50:59	152.770	400.000	0.470	400.370	415.192	0.480	3.290	6.854	31.650
7/29/2010 08:50:59	153.271	400.000	0.471	399.690	415.924	0.430	3.230	7.512	31.578
7/29/2010 08:51:00	153.770	400.000	0.471	399.850	415.161	0.430	3.290	7.651	31.643
7/29/2010 08:51:00	154.271	400.000	0.471	399.660	415.161	0.450	3.290	7.311	31.647
7/29/2010 08:51:01	154.770	400.000	0.471	399.750	414.795	0.450	3.290	7.311	31.683
7/29/2010 08:51:01	155.271	400.000	0.471	399.960	413.513	0.440	3.310	7.523	31.662
7/29/2010 08:51:02	155.771	400.000	0.471	400.010	412.872	0.440	3.310	7.523	31.634
7/29/2010 08:51:02	156.271	400.000	0.471	399.990	413.055	0.440	3.310	7.523	31.685
7/29/2010 08:51:03	156.771	400.000	0.470	400.350	412.964	0.450	3.310	7.356	31.672
7/29/2010 08:51:03	157.270	400.000	0.471	399.890	412.201	0.420	3.230	7.690	31.605
7/29/2010 08:51:04	157.771	400.000	0.472	399.600	413.086	0.440	3.310	7.523	31.660
7/29/2010 08:51:04	158.270	400.000	0.471	399.870	413.605	0.440	3.310	7.523	31.714
7/29/2010 08:51:05	158.770	400.000	0.471	400.050	414.185	0.440	3.310	7.523	31.709
7/29/2010 08:51:05	159.271	400.000	0.471	399.880	414.795	0.450	3.290	7.311	31.716
7/29/2010 08:51:06	159.771	400.000	0.470	400.170	416.077	0.460	3.310	7.196	31.729
7/29/2010 08:51:06	160.270	400.000	0.469	400.630	416.534	0.450	3.310	7.356	31.719
7/29/2010 08:51:07	160.770	400.000	0.471	400.140	415.802	0.450	3.310	7.356	31.611
7/29/2010 08:51:07	161.270	400.000	0.471	399.890	415.924	0.440	3.290	7.477	31.692
7/29/2010 08:51:08	161.771	400.000	0.471	399.990	416.138	0.430	3.310	7.698	31.722
7/29/2010 08:51:08	162.270	400.000	0.470	400.340	415.894	0.470	3.290	7.000	31.770
7/29/2010 08:51:09	162.770	400.000	0.471	399.790	415.253	0.470	3.290	7.000	31.665
7/29/2010 08:51:09	163.270	400.000	0.471	399.970	415.985	0.440	3.290	7.477	31.717
7/29/2010 08:51:10	163.771	400.000	0.471	399.950	415.771	0.440	3.290	7.477	31.748
7/29/2010 08:51:10	164.270	400.000	0.470	400.150	415.405	0.430	3.310	7.698	31.747
7/29/2010 08:51:11	164.771	400.000	0.471	400.070	414.948	0.430	3.310	7.698	31.735
7/29/2010 08:51:11	165.271	400.000	0.471	399.970	415.283	0.430	3.310	7.698	31.748
7/29/2010 08:51:12	165.771	400.000	0.470	400.290	414.398	0.440	3.310	7.523	31.737
7/29/2010 08:51:12	166.270	400.000	0.471	399.920	414.398	0.410	3.250	7.927	31.699
7/29/2010 08:51:13	166.771	400.000	0.471	399.990	414.612	0.440	3.310	7.523	31.815
7/29/2010 08:51:13	167.271	400.000	0.471	399.790	415.283	0.440	3.310	7.523	31.775
7/29/2010 08:51:14	167.770	400.000	0.470	400.170	414.551	0.430	3.310	7.698	31.770
7/29/2010 08:51:14	168.270	400.000	0.470	400.140	415.497	0.450	3.310	7.356	31.802
7/29/2010 08:51:15	168.771	400.000	0.470	400.220	414.917	0.450	3.310	7.356	31.784
7/29/2010 08:51:15	169.271	400.000	0.469	400.490	414.734	0.450	3.310	7.356	31.808
7/29/2010 08:51:16	169.771	400.000	0.471	400.010	414.886	0.450	3.250	7.222	31.705
7/29/2010 08:51:16	170.270	400.000	0.470	400.130	415.710	0.430	3.310	7.698	31.819
7/29/2010 08:51:17	170.771	400.000	0.470	400.200	415.222	0.440	3.310	7.523	31.827
7/29/2010 08:51:17	171.271	400.000	0.469	400.450	415.833	0.440	3.310	7.523	31.820
7/29/2010 08:51:18	171.771	400.000	0.470	400.040	416.046	0.450	3.250	7.222	31.759
7/29/2010 08:51:18	172.270	400.000	0.470	399.990	415.192	0.430	3.310	7.698	31.836
7/29/2010 08:51:19	172.771	400.000	0.470	400.150	415.009	0.440	3.310	7.523	31.817
7/29/2010 08:51:19	173.271	400.000	0.470	400.190	414.886	0.440	3.310	7.523	31.833
7/29/2010 08:51:20	173.771	400.000	0.471	399.910	415.161	0.480	3.250	6.771	31.753
7/29/2010 08:51:20	174.270	400.000	0.470	400.070	414.337	0.450	3.310	7.356	31.833
7/29/2010 08:51:21	174.771	400.000	0.470	400.280	415.192	0.450	3.310	7.356	31.880
7/29/2010 08:51:21	175.271	400.000	0.470	399.980	415.405	0.430	3.250	7.558	31.778
7/29/2010 08:51:22	175.770	400.000	0.470	399.960	415.131	0.430	3.250	7.558	31.864
7/29/2010 08:51:22	176.271	400.000	0.471	399.890	414.734	0.450	3.310	7.356	31.876
7/29/2010 08:51:23	176.770	400.000	0.470	400.080	415.619	0.450	3.310	7.356	31.870
7/29/2010 08:51:23	177.270	400.000	0.470	400.250	414.825	0.450	3.310	7.356	31.843
7/29/2010 08:51:24	177.771	400.000	0.470	400.100	413.879	0.430	3.250	7.558	31.816
7/29/2010 08:51:24	178.270	400.000	0.471	399.880	414.551	0.430	3.310	7.698	31.878
7/29/2010 08:51:25	178.770	400.000	0.470	400.160	414.764	0.430	3.310	7.698	31.910
7/29/2010 08:51:25	179.271	400.000	0.471	399.830	414.764	0.440	3.250	7.386	31.820
7/29/2010 08:51:26	179.770	400.000	0.470	400.210	415.009	0.440	3.250	7.386	31.899
7/29/2010 08:51:26	180.271	400.000	0.471	399.510	415.710	0.440	3.250	7.386	31.839
7/29/2010 08:51:27	180.770	400.000	0.471	399.730	415.588	0.450	3.310	7.356	31.877
7/29/2010 08:51:27	181.271	400.000	0.471	399.860	415.527	0.420	3.310	7.881	31.905
7/29/2010 08:51:28	181.770	400.000	0.471	399.830	415.253	0.420	3.310	7.881	31.918
7/29/2010 08:51:28	182.271	400.000	0.470	400.000	415.619	0.480	3.310	6.896	31.908
7/29/2010 08:51:29	182.770	400.000	0.470	400.230	415.588	0.420	3.310	7.881	31.902
7/29/2010 08:51:29	183.271	400.000	0.470	399.970	415.588	0.410	3.250	7.927	31.870
7/29/2010 08:51:30	183.770	400.000	0.470	399.990	415.588	0.410	3.250	7.927	31.930
7/29/2010 08:51:30	184.271	400.000	0.470	400.000	415.100	0.450	3.330	7.400	31.876
7/29/2010 08:51:31	184.770	400.000	0.470	400.040	414.978	0.450	3.310	7.356	31.958
7/29/2010 08:51:31	185.271	400.000	0.469	400.480	415.283	0.430	3.330	7.744	31.914
7/29/2010 08:51:32	185.770	400.000	0.470	400.170	415.802	0.430	3.330	7.744	31.907
7/29/2010 08:51:32	186.271	400.000	0.471	399.870	415.405	0.440	3.250	7.386	31.871
7/29/2010 08:51:33	186.770	400.000	0.471	399.810	415.131	0.450	3.310	7.356	31.956
7/29/2010 08:51:33	187.271	400.000	0.471	399.710	415.100	0.450	3.310	7.356	31.983
7/29/2010 08:51:34	187.771	400.000	0.470	400.060	414.185	0.420	3.310	7.881	31.947
7/29/2010 08:51:34	188.270	400.000	0.470	400.350	413.239	0.430	3.310	7.698	31.991
7/29/2010 08:51:35	188.770	400.000	0.471	399.790	413.269	0.440	3.250	7.386	31.902
7/29/2010 08:51:35	189.271	400.000	0.471	399.820	413.574	0.430	3.310	7.698	31.998
7/29/2010 08:51:36	189.770	400.000	0.470	399.990	413.055	0.430	3.310	7.698	31.993
7/29/2010 08:51:36	190.271	400.000	0.470	400.110	413.422	0.420	3.310	7.881	31.991
7/29/2010 08:51:37	190.770	400.000	0.469	400.450	413.849	0.440	3.310	7.523	32.010
7/29/2010 08:51:37	191.271	400.000	0.470	400.070	413.910	0.440	3.310	7.523	31.929
7/29/2010 08:51:38	191.771	400.000	0.470	400.290	414.337	0.430	3.330	7.744	31.986
7/29/2010 08:51:38	192.270	400.000	0.471	399.820	414.398	0.430	3.250	7.558	31.927
7/29/2010 08:51:39	192.770	400.000	0.470	400.220	414.856	0.440	3.310	7.523	32.006
7/29/2010 08:51:39	193.271	400.000	0.471	399.760	414.917	0.450	3.250	7.222	31.956
7/29/2010 08:51:40	193.770	400.000	0.472	399.410	415.192	0.450	3.250	7.222	31.995
7/29/2010 08:51:40	194.271	400.000	0.471	399.800	414.917	0.450	3.310	7.356	32.009
7/29/2010 08:51:41	194.770	400.000	0.470	399.950	414.551	0.450	3.310	7.356	32.041
7/29/2010 08:51:41	195.271	400.000	0.470	400.060	414.062	0.440	3.310	7.523	32.029
7/29/2010 08:51:42	195.770	400.000	0.470	400.130	413.727	0.440	3.310	7.523	32.037
7/29/2010 08:51:42	196.271	400.000	0.469	400.450	413.910	0.430	3.310	7.698	32.051
7/29/2010 08:51:43	196.770	400.000	0.470	399.970	414.032	0.440	3.250	7.386	31.985
7/29/2010 08:51:43	197.271	400.000	0.470	400.280	414.307	0.420	3.310	7.881	32.039
7/29/2010 08:51:44	197.770	400.000	0.470	399.920	414.459	0.420	3.310	7.881	31.985
7/29/2010 08:51:44	198.271	400.000	0.470	400.050	414.612	0.450	3.310	7.356	32.053
7/29/2010 08:51:45	198.770	400.000	0.470	399.900	414.551	0.440	3.310	7.523	32.036
7/29/2010 08:51:45	199.271	400.000	0.470	400.250	414.551	0.440	3.310	7.523	32.078
7/29/2010 08:51:46	199.771	400.000	0.470	399.970	415.131	0.440	3.270	7.432	32.009
7/29/2010 08:51:46	200.270	400.000	0.470	400.120	415.314	0.430	3.310	7.698	32.063
7/29/2010 08:51:47	200.770	400.000	0.470	399.880	414.948	0.430	3.250	7.558	32.008
7/29/2010 08:51:47	201.271	400.000	0.471	399.760	414.764	0.430	3.250	7.558	32.071
7/29/2010 08:51:48	201.771	400.000	0.470	399.960	414.673	0.440	3.310	7.523	32.106
7/29/2010 08:51:48	202.270	400.000	0.470	399.980	414.154	0.450	3.310	7.356	32.079
7/29/2010 08:51:49	202.770	400.000	0.470	400.270	413.757	0.440	3.310	7.523	32.075
7/29/2010 08:51:49	203.271	400.000	0.470	400.110	414.154	0.440	3.310	7.523	32.040
7/29/2010 08:51:50	203.771	400.000	0.471	399.640	413.544	0.410	3.250	7.927	32.048
7/29/2010 08:51:50	204.270	400.000	0.470	399.950	413.727	0.470	3.310	7.043	32.109
7/29/2010 08:51:51	204.770	400.000	0.470	400.020	414.185	0.440	3.330	7.568	32.122
7/29/2010 08:51:51	205.270	400.000	0.471	399.800	414.215	0.440	3.330	7.568	32.126
7/29/2010 08:51:52	205.771	400.000	0.469	400.360	414.093	0.440	3.310	7.523	32.130
7/29/2010 08:51:52	206.270	400.000	0.471	399.810	414.642	0.420	3.270	7.786	32.075
7/29/2010 08:51:53	206.770	400.000	0.470	399.950	414.429	0.430	3.310	7.698	32.162
7/29/2010 08:51:53	207.270	400.000	0.470	399.970	413.910	0.430	3.310	7.698	32.124
7/29/2010 08:51:54	207.771	400.000	0.470	400.260	414.581	0.450	3.310	7.356	32.163
7/29/2010 08:51:54	208.270	400.000	0.471	399.840	414.368	0.450	3.270	7.267	32.113
7/29/2010 08:51:55	208.771	400.000	0.471	399.810	414.398	0.450	3.270	7.267	32.164
7/29/2010 08:51:55	209.271	400.000	0.470	400.050	414.917	0.410	3.310	8.073	32.151
7/29/2010 08:51:56	209.770	400.000	0.469	400.480	415.161	0.480	3.310	6.896	32.159
7/29/2010 08:51:56	210.270	400.000	0.471	399.860	414.520	0.420	3.250	7.738	32.108
7/29/2010 08:51:57	210.771	400.000	0.471	399.840	414.581	0.410	3.310	8.073	32.178
7/29/2010 08:51:57	211.270	400.000	0.470	400.270	413.971	0.410	3.310	8.073	32.187
7/29/2010 08:51:58	211.771	400.000	0.471	399.840	412.994	0.440	3.250	7.386	32.110
7/29/2010 08:51:58	212.270	400.000	0.470	400.010	412.384	0.460	3.330	7.239	32.158
