==Experiment Metadata==
Software Version::TPD Controller v1.0
Data Saved::Wed, Jul 14, 2010 13:43:00
Sample::JRS0032
Experimenter Name::CHeidelberger
Experiment Type::TPD
Chamber::Prep
Thermocouple Type::K
Notes::Sample has not been flashed or outgassed.  Resistance is too high.

==Hardware Parameters==
Start Time::Wed, Jul 14, 2010 13:41:02
Data Points::107
Sample Start Temperature (Thermocouple) [C]::90.56900
Current Limit [A]::5.00000
Temperature Limit [C]::800.00000
Voltage Limit [V]::20.00000
PID Calculates::Current

==PID Gain Schedule==
Kc	Ti[minutes]	Td[minutes]	MaxTemperature[C]
0.0030000	0.1000000	0.0010000	0.00

==Temperature Schedule==
Time[s]	TemperatureSetpoint[C]
0.00	360.00
60.00	360.00
210.00	660.00

==Data==
DateStamp	ElapsedTime[s]	TemperatureSetpoint[C]	CurrentSetpoint[A]	ThermocoupleTemperature[C]	PyrometerTemperature[C]	MeasuredCurrent[A]	MeasuredVoltage[V]	MeasuredResistance[ohms]
7/14/2010 13:41:02	0.000	360.000	0.808	90.569	0.000	0.010	0.050	5.000
7/14/2010 13:41:03	0.532	360.000	0.850	99.214	958.539	0.760	9.390	12.355
7/14/2010 13:41:03	1.032	360.000	0.618	185.270	958.539	0.800	9.310	11.637
7/14/2010 13:41:04	1.533	360.000	0.565	221.850	958.539	0.560	7.690	13.732
7/14/2010 13:41:04	2.033	360.000	0.499	254.660	958.539	0.530	7.240	13.660
7/14/2010 13:41:05	2.532	360.000	0.511	261.980	958.539	0.510	6.620	12.980
7/14/2010 13:41:05	3.033	360.000	0.462	284.000	958.539	0.530	6.600	12.453
7/14/2010 13:41:06	3.532	360.000	0.617	247.230	958.539	0.530	6.600	12.453
7/14/2010 13:41:06	4.033	360.000	0.493	287.090	958.539	0.580	7.500	12.931
7/14/2010 13:41:07	4.532	360.000	0.442	310.920	958.539	0.420	6.580	15.667
7/14/2010 13:41:07	5.033	360.000	0.553	285.180	958.539	0.410	6.130	14.951
7/14/2010 13:41:08	5.532	360.000	0.233	379.570	958.539	0.410	6.130	14.951
7/14/2010 13:41:08	6.033	360.000	0.598	283.170	958.539	0.310	5.930	19.129
7/14/2010 13:41:09	6.532	360.000	0.298	365.020	958.539	0.560	7.290	13.018
7/14/2010 13:41:09	7.033	360.000	0.554	299.470	958.539	0.360	5.910	16.417
7/14/2010 13:41:10	7.532	360.000	0.157	411.130	958.539	0.360	5.910	16.417
7/14/2010 13:41:10	8.033	360.000	0.545	307.610	958.539	0.370	5.890	15.919
7/14/2010 13:41:11	8.532	360.000	0.137	417.690	958.539	0.500	6.790	13.580
7/14/2010 13:41:11	9.033	360.000	0.503	320.000	958.539	0.500	6.790	13.580
7/14/2010 13:41:12	9.532	360.000	0.179	405.670	958.539	0.540	6.470	11.981
7/14/2010 13:41:12	10.032	360.000	0.459	330.820	958.539	0.410	5.780	14.098
7/14/2010 13:41:13	10.533	360.000	0.280	376.640	958.539	0.460	6.130	13.326
7/14/2010 13:41:13	11.033	360.000	0.414	341.800	958.539	0.370	5.760	15.568
7/14/2010 13:41:14	11.532	360.000	0.376	350.330	958.539	0.370	5.760	15.568
7/14/2010 13:41:14	12.032	360.000	0.390	347.770	958.539	0.390	5.740	14.718
7/14/2010 13:41:15	12.533	360.000	0.377	352.220	958.539	0.370	5.830	15.757
7/14/2010 13:41:15	13.033	360.000	0.353	360.270	958.539	0.370	5.830	15.757
7/14/2010 13:41:16	13.532	360.000	0.333	366.690	958.539	0.370	5.870	15.865
7/14/2010 13:41:16	14.032	360.000	0.335	366.260	958.539	0.360	5.870	16.306
7/14/2010 13:41:17	14.533	360.000	0.314	371.710	958.539	0.390	5.870	15.051
7/14/2010 13:41:17	15.033	360.000	0.320	369.720	958.539	0.390	5.870	15.051
7/14/2010 13:41:18	15.533	360.000	0.303	373.780	958.539	0.400	5.890	14.725
7/14/2010 13:41:18	16.032	360.000	0.299	374.260	958.539	0.360	5.870	16.306
7/14/2010 13:41:19	16.533	360.000	0.281	378.610	958.539	0.350	5.870	16.771
7/14/2010 13:41:19	17.033	360.000	0.283	377.220	958.539	0.350	5.870	16.771
7/14/2010 13:41:20	17.533	360.000	0.271	379.290	958.539	0.370	5.870	15.865
7/14/2010 13:41:20	18.032	360.000	0.266	379.440	958.539	0.390	5.890	15.103
7/14/2010 13:41:21	18.533	360.000	0.191	399.510	958.539	0.360	6.060	16.833
7/14/2010 13:41:21	19.033	360.000	0.174	403.830	958.539	0.360	6.060	16.833
7/14/2010 13:41:22	19.533	360.000	0.152	407.190	958.539	0.330	6.210	18.818
7/14/2010 13:41:22	20.032	360.000	0.133	409.870	958.539	0.420	6.080	14.476
7/14/2010 13:41:23	20.533	360.000	0.129	407.550	958.539	0.390	6.130	15.718
7/14/2010 13:41:23	21.032	360.000	0.104	411.140	958.539	0.390	6.130	15.718
7/14/2010 13:41:24	21.533	360.000	0.102	408.390	958.539	0.400	6.080	15.200
7/14/2010 13:41:24	22.032	360.000	0.091	407.840	958.539	0.430	6.110	14.209
7/14/2010 13:41:25	22.533	360.000	0.051	415.730	958.539	0.430	6.110	14.209
7/14/2010 13:41:25	23.032	360.000	0.045	414.410	958.539	0.420	6.170	14.690
7/14/2010 13:41:26	23.533	360.000	0.005	421.730	958.539	0.330	6.190	18.758
7/14/2010 13:41:26	24.032	360.000	0.000	420.760	958.539	0.340	6.190	18.206
7/14/2010 13:41:27	24.533	360.000	0.000	424.530	958.539	0.340	6.230	18.324
7/14/2010 13:41:27	25.032	360.000	0.002	419.240	958.539	0.340	6.230	18.324
7/14/2010 13:41:28	25.533	360.000	0.000	417.000	958.539	0.350	6.190	17.686
7/14/2010 13:41:28	26.032	360.000	0.000	420.890	958.539	0.330	6.190	18.758
7/14/2010 13:41:29	26.533	360.000	0.000	422.790	958.539	0.360	6.230	17.306
7/14/2010 13:41:29	27.032	360.000	0.000	421.060	958.539	0.360	6.230	17.306
7/14/2010 13:41:30	27.532	360.000	0.000	420.320	958.539	0.330	6.150	18.636
7/14/2010 13:41:30	28.032	360.000	0.000	419.720	958.539	0.370	6.210	16.784
7/14/2010 13:41:31	28.533	360.000	0.000	425.250	958.539	0.400	6.170	15.425
7/14/2010 13:41:31	29.032	360.000	0.000	422.890	958.539	0.400	6.170	15.425
7/14/2010 13:41:32	29.532	360.000	0.000	426.520	958.539	0.420	6.260	14.905
7/14/2010 13:41:32	30.032	360.000	0.000	427.840	958.539	0.410	6.280	15.317
7/14/2010 13:41:33	30.533	360.000	0.000	434.910	958.539	0.330	6.340	19.212
7/14/2010 13:41:33	31.032	360.000	0.033	420.050	958.539	0.330	6.340	19.212
7/14/2010 13:41:34	31.532	360.000	0.006	421.940	958.539	0.340	6.260	18.412
7/14/2010 13:41:34	32.032	360.000	0.000	426.490	958.539	0.350	6.230	17.800
7/14/2010 13:41:35	32.533	360.000	0.000	427.460	958.539	0.370	6.280	16.973
7/14/2010 13:41:35	33.032	360.000	0.000	427.000	958.539	0.370	6.280	16.973
7/14/2010 13:41:36	33.532	360.000	0.002	421.670	958.539	0.420	6.110	14.548
7/14/2010 13:41:36	34.033	360.000	0.000	434.910	958.539	0.350	6.360	18.171
7/14/2010 13:41:37	34.533	360.000	0.000	429.600	958.539	0.410	6.320	15.415
7/14/2010 13:41:37	35.032	360.000	0.000	428.920	958.539	0.410	6.320	15.415
7/14/2010 13:41:38	35.532	360.000	0.000	429.690	958.539	0.340	6.230	18.324
7/14/2010 13:41:38	36.033	360.000	0.000	430.080	958.539	0.310	6.230	20.097
7/14/2010 13:41:39	36.533	360.000	0.000	428.600	958.539	0.350	6.260	17.886
7/14/2010 13:41:39	37.032	360.000	0.000	429.540	958.539	0.350	6.260	17.886
7/14/2010 13:41:40	37.532	360.000	0.000	434.340	958.539	0.340	6.340	18.647
7/14/2010 13:41:40	38.033	360.000	0.000	440.350	958.539	0.420	6.380	15.190
7/14/2010 13:41:41	38.533	360.000	0.017	429.810	958.539	0.420	6.380	15.190
7/14/2010 13:41:41	39.032	360.000	0.000	430.890	958.539	0.370	6.280	16.973
7/14/2010 13:41:42	39.532	360.000	0.000	431.720	958.539	0.350	6.260	17.886
7/14/2010 13:41:42	40.033	360.000	0.000	432.420	958.539	0.350	6.230	17.800
7/14/2010 13:41:43	40.533	360.000	0.000	430.930	958.539	0.330	6.260	18.970
7/14/2010 13:41:43	41.032	360.000	0.000	431.650	958.539	0.330	6.260	18.970
7/14/2010 13:41:44	41.532	360.000	0.000	431.080	958.539	0.370	6.260	16.919
7/14/2010 13:41:44	42.033	360.000	0.000	433.270	958.539	0.380	6.280	16.526
7/14/2010 13:41:45	42.533	360.000	0.000	431.080	958.539	0.380	6.280	16.526
7/14/2010 13:41:45	43.033	360.000	0.000	432.000	958.539	0.390	6.280	16.103
7/14/2010 13:41:46	43.532	360.000	0.000	432.710	958.539	0.360	6.260	17.389
7/14/2010 13:41:46	44.033	360.000	0.000	433.800	958.539	0.320	6.280	19.625
7/14/2010 13:41:47	44.533	360.000	0.000	433.670	958.539	0.320	6.280	19.625
7/14/2010 13:41:47	45.033	360.000	0.000	432.690	958.539	0.420	6.260	14.905
7/14/2010 13:41:48	45.532	360.000	0.000	432.880	958.539	0.370	6.320	17.081
7/14/2010 13:41:48	46.033	360.000	0.000	432.000	958.539	0.420	6.300	15.000
7/14/2010 13:41:49	46.533	360.000	0.000	432.100	958.539	0.420	6.300	15.000
7/14/2010 13:41:49	47.033	360.000	0.000	436.630	958.539	0.410	6.260	15.268
7/14/2010 13:41:50	47.532	360.000	0.000	435.100	958.539	0.360	6.260	17.389
7/14/2010 13:41:50	48.033	360.000	0.000	431.970	958.539	0.370	6.360	17.189
7/14/2010 13:41:51	48.532	360.000	0.000	439.770	958.539	0.370	6.360	17.189
7/14/2010 13:41:51	49.033	360.000	0.000	434.450	958.539	0.340	6.230	18.324
7/14/2010 13:41:52	49.532	360.000	0.000	429.920	958.539	0.360	6.190	17.194
7/14/2010 13:41:52	50.033	360.000	0.000	430.160	958.539	0.370	6.230	16.838
7/14/2010 13:41:53	50.532	360.000	0.000	426.100	958.539	0.370	6.230	16.838
7/14/2010 13:41:53	51.033	360.000	0.000	436.080	958.539	0.360	6.150	17.083
7/14/2010 13:41:54	51.532	360.000	0.006	428.950	958.539	0.370	6.150	16.622
7/14/2010 13:41:54	52.033	360.000	0.000	425.860	958.539	0.370	6.150	16.622
7/14/2010 13:41:55	52.532	360.000	0.000	423.520	958.539	0.360	6.130	17.028
7/14/2010 13:41:55	53.033	360.000	0.000	427.550	958.539	0.420	6.150	14.643
