==Experiment Metadata==
Software Version::TPD Controller v1.0
Data Saved::Wed, Jul 14, 2010 14:11:31
Sample::JRS0032
Experimenter Name::CHeidelberger
Experiment Type::TPD
Chamber::Prep
Thermocouple Type::K
Notes::Sample flashed, but not outgassed. Gain lowered

==Hardware Parameters==
Start Time::Wed, Jul 14, 2010 14:07:49
Data Points::421
Sample Start Temperature (Thermocouple) [C]::47.78300
Current Limit [A]::5.00000
Temperature Limit [C]::800.00000
Voltage Limit [V]::20.00000
PID Calculates::Current

==PID Gain Schedule==
Kc	Ti[minutes]	Td[minutes]	MaxTemperature[C]
0.0015000	0.1000000	0.0010000	0.00

==Temperature Schedule==
Time[s]	TemperatureSetpoint[C]
0.00	360.00
60.00	360.00
210.00	660.00

==Data==
DateStamp	ElapsedTime[s]	TemperatureSetpoint[C]	CurrentSetpoint[A]	ThermocoupleTemperature[C]	PyrometerTemperature[C]	MeasuredCurrent[A]	MeasuredVoltage[V]	MeasuredResistance[ohms]
7/14/2010 14:07:49	0.000	360.000	0.468	47.783	0.000	0.000	0.050	Inf
7/14/2010 14:07:49	0.748	360.000	0.409	116.330	250.192	0.440	1.600	3.636
7/14/2010 14:07:50	1.248	360.000	0.452	113.880	250.192	0.440	1.600	3.636
7/14/2010 14:07:50	1.748	360.000	0.460	126.510	250.192	0.440	1.570	3.568
7/14/2010 14:07:51	2.249	360.000	0.479	133.710	250.192	0.430	1.600	3.721
7/14/2010 14:07:51	2.748	360.000	0.496	141.040	250.192	0.440	1.640	3.727
7/14/2010 14:07:52	3.248	360.000	0.508	150.780	250.192	0.440	1.640	3.727
7/14/2010 14:07:52	3.748	360.000	0.522	158.790	250.192	0.480	1.770	3.687
7/14/2010 14:07:53	4.248	360.000	0.532	168.190	250.192	0.480	1.810	3.771
7/14/2010 14:07:53	4.748	360.000	0.541	177.630	250.192	0.520	1.850	3.558
7/14/2010 14:07:54	5.248	360.000	0.551	186.250	250.192	0.520	1.850	3.558
7/14/2010 14:07:54	5.748	360.000	0.559	194.990	250.192	0.530	1.940	3.660
7/14/2010 14:07:55	6.248	360.000	0.568	202.470	250.192	0.530	1.960	3.698
7/14/2010 14:07:55	6.748	360.000	0.575	210.770	250.192	0.530	1.980	3.736
7/14/2010 14:07:56	7.248	360.000	0.577	220.810	250.192	0.530	1.980	3.736
7/14/2010 14:07:56	7.748	360.000	0.584	228.200	250.192	0.540	2.070	3.833
7/14/2010 14:07:57	8.248	360.000	0.586	236.810	250.192	0.540	2.110	3.907
7/14/2010 14:07:57	8.748	360.000	0.591	243.870	250.192	0.560	2.130	3.804
7/14/2010 14:07:58	9.248	360.000	0.592	252.080	250.192	0.560	2.130	3.804
7/14/2010 14:07:58	9.748	360.000	0.595	259.130	250.192	0.590	2.200	3.729
7/14/2010 14:07:59	10.248	360.000	0.597	265.880	250.192	0.550	2.220	4.036
7/14/2010 14:07:59	10.748	360.000	0.599	272.220	250.192	0.560	2.220	3.964
7/14/2010 14:08:00	11.248	360.000	0.600	278.420	250.192	0.560	2.220	3.964
7/14/2010 14:08:00	11.748	360.000	0.598	286.080	250.192	0.590	2.300	3.898
7/14/2010 14:08:01	12.248	360.000	0.601	290.820	250.192	0.570	2.280	4.000
7/14/2010 14:08:01	12.748	360.000	0.598	298.100	250.192	0.580	2.350	4.052
7/14/2010 14:08:02	13.248	360.000	0.599	302.310	250.192	0.580	2.350	4.052
7/14/2010 14:08:02	13.748	360.000	0.597	307.980	250.192	0.570	2.390	4.193
7/14/2010 14:08:03	14.248	360.000	0.595	313.540	250.192	0.580	2.390	4.121
7/14/2010 14:08:03	14.748	360.000	0.593	318.980	250.192	0.550	2.430	4.418
7/14/2010 14:08:04	15.248	360.000	0.590	323.960	250.192	0.550	2.430	4.418
7/14/2010 14:08:04	15.748	360.000	0.586	329.240	250.192	0.570	2.480	4.351
7/14/2010 14:08:05	16.248	360.000	0.585	332.810	250.192	0.540	2.450	4.537
7/14/2010 14:08:05	16.748	360.000	0.581	337.570	250.192	0.560	2.480	4.429
7/14/2010 14:08:06	17.248	360.000	0.576	342.120	250.192	0.560	2.480	4.429
7/14/2010 14:08:06	17.749	360.000	0.574	344.920	250.192	0.540	2.480	4.593
7/14/2010 14:08:07	18.248	360.000	0.570	348.950	250.192	0.550	2.500	4.545
7/14/2010 14:08:07	18.748	360.000	0.569	350.380	250.192	0.550	2.500	4.545
7/14/2010 14:08:08	19.248	360.000	0.568	352.020	250.192	0.550	2.560	4.655
7/14/2010 14:08:08	19.749	360.000	0.562	356.250	250.192	0.520	2.580	4.962
7/14/2010 14:08:09	20.248	360.000	0.556	360.090	250.192	0.540	2.480	4.593
7/14/2010 14:08:09	20.748	360.000	0.554	361.660	250.192	0.530	2.500	4.717
7/14/2010 14:08:10	21.248	360.000	0.550	364.070	250.192	0.530	2.500	4.717
7/14/2010 14:08:10	21.749	360.000	0.545	367.130	250.192	0.520	2.580	4.962
7/14/2010 14:08:11	22.248	360.000	0.542	368.500	250.192	0.530	2.560	4.830
7/14/2010 14:08:11	22.748	360.000	0.537	371.240	250.192	0.550	2.580	4.691
7/14/2010 14:08:12	23.248	360.000	0.534	372.140	250.192	0.550	2.580	4.691
7/14/2010 14:08:12	23.749	360.000	0.529	374.260	250.192	0.500	2.540	5.080
7/14/2010 14:08:13	24.248	360.000	0.529	373.210	250.192	0.480	2.450	5.104
7/14/2010 14:08:13	24.748	360.000	0.525	374.690	250.192	0.490	2.450	5.000
7/14/2010 14:08:14	25.248	360.000	0.521	376.340	250.192	0.490	2.450	5.000
7/14/2010 14:08:14	25.749	360.000	0.517	377.560	250.192	0.500	2.480	4.960
7/14/2010 14:08:15	26.248	360.000	0.516	377.140	250.192	0.490	2.430	4.959
7/14/2010 14:08:15	26.748	360.000	0.511	378.280	250.192	0.490	2.430	4.959
7/14/2010 14:08:16	27.248	360.000	0.508	379.180	250.192	0.490	2.430	4.959
7/14/2010 14:08:16	27.748	360.000	0.506	378.780	250.192	0.460	2.390	5.196
7/14/2010 14:08:17	28.248	360.000	0.503	379.260	250.192	0.480	2.390	4.979
7/14/2010 14:08:17	28.748	360.000	0.499	379.870	250.192	0.480	2.410	5.021
7/14/2010 14:08:18	29.248	360.000	0.499	379.050	250.192	0.480	2.410	5.021
7/14/2010 14:08:18	29.748	360.000	0.496	379.290	250.192	0.460	2.350	5.109
7/14/2010 14:08:19	30.248	360.000	0.493	379.500	250.192	0.470	2.350	5.000
7/14/2010 14:08:19	30.748	360.000	0.490	379.680	250.192	0.470	2.350	5.000
7/14/2010 14:08:20	31.248	360.000	0.487	379.900	250.192	0.450	2.350	5.222
7/14/2010 14:08:20	31.748	360.000	0.489	377.400	250.192	0.440	2.260	5.136
7/14/2010 14:08:21	32.248	360.000	0.487	377.030	250.192	0.450	2.260	5.022
7/14/2010 14:08:21	32.748	360.000	0.486	376.480	250.192	0.450	2.260	5.022
7/14/2010 14:08:22	33.248	360.000	0.484	376.310	250.192	0.450	2.260	5.022
7/14/2010 14:08:22	33.748	360.000	0.483	376.000	250.192	0.440	2.260	5.136
7/14/2010 14:08:23	34.248	360.000	0.481	375.490	250.192	0.470	2.260	4.809
7/14/2010 14:08:23	34.748	360.000	0.480	375.260	250.192	0.470	2.260	4.809
7/14/2010 14:08:24	35.248	360.000	0.481	373.660	250.192	0.440	2.200	5.000
7/14/2010 14:08:24	35.748	360.000	0.477	374.420	250.192	0.470	2.260	4.809
7/14/2010 14:08:25	36.248	360.000	0.479	372.720	250.192	0.440	2.220	5.045
7/14/2010 14:08:25	36.748	360.000	0.477	372.310	250.192	0.440	2.220	5.045
7/14/2010 14:08:26	37.248	360.000	0.477	371.660	250.192	0.440	2.200	5.000
7/14/2010 14:08:26	37.748	360.000	0.476	371.210	250.192	0.440	2.200	5.000
7/14/2010 14:08:27	38.248	360.000	0.476	370.730	250.192	0.450	2.200	4.889
7/14/2010 14:08:27	38.748	360.000	0.475	370.320	250.192	0.450	2.200	4.889
7/14/2010 14:08:28	39.248	360.000	0.474	369.830	250.192	0.440	2.200	5.000
7/14/2010 14:08:28	39.748	360.000	0.474	369.500	250.192	0.450	2.200	4.889
7/14/2010 14:08:29	40.248	360.000	0.473	369.060	250.192	0.450	2.200	4.889
7/14/2010 14:08:29	40.748	360.000	0.473	368.650	250.192	0.450	2.200	4.889
7/14/2010 14:08:30	41.248	360.000	0.472	368.200	250.192	0.450	2.200	4.889
7/14/2010 14:08:30	41.748	360.000	0.472	367.990	250.192	0.440	2.200	5.000
7/14/2010 14:08:31	42.248	360.000	0.471	367.670	250.192	0.450	2.200	4.889
7/14/2010 14:08:31	42.748	360.000	0.471	367.270	250.192	0.450	2.200	4.889
7/14/2010 14:08:32	43.249	360.000	0.470	366.890	250.192	0.450	2.200	4.889
7/14/2010 14:08:32	43.748	360.000	0.470	366.720	250.192	0.440	2.200	5.000
7/14/2010 14:08:33	44.248	360.000	0.472	365.070	250.192	0.430	2.130	4.953
7/14/2010 14:08:33	44.748	360.000	0.469	366.030	250.192	0.430	2.130	4.953
7/14/2010 14:08:34	45.249	360.000	0.472	364.250	250.192	0.470	2.130	4.532
7/14/2010 14:08:34	45.748	360.000	0.469	365.140	250.192	0.440	2.170	4.932
7/14/2010 14:08:35	46.248	360.000	0.472	363.570	250.192	0.440	2.130	4.841
7/14/2010 14:08:35	46.748	360.000	0.469	364.420	250.192	0.440	2.130	4.841
7/14/2010 14:08:36	47.249	360.000	0.472	362.910	250.192	0.440	2.130	4.841
7/14/2010 14:08:36	47.748	360.000	0.469	363.740	250.192	0.450	2.170	4.822
7/14/2010 14:08:37	48.248	360.000	0.472	362.160	250.192	0.450	2.170	4.822
7/14/2010 14:08:37	48.748	360.000	0.470	363.190	250.192	0.430	2.170	5.047
7/14/2010 14:08:38	49.249	360.000	0.472	361.570	250.192	0.450	2.130	4.733
7/14/2010 14:08:38	49.748	360.000	0.470	362.360	250.192	0.440	2.170	4.932
7/14/2010 14:08:39	50.248	360.000	0.470	362.410	250.192	0.440	2.170	4.932
7/14/2010 14:08:39	50.748	360.000	0.470	362.180	250.192	0.440	2.170	4.932
7/14/2010 14:08:40	51.249	360.000	0.470	361.990	250.192	0.450	2.170	4.822
7/14/2010 14:08:40	51.748	360.000	0.470	362.000	250.192	0.440	2.170	4.932
7/14/2010 14:08:41	52.248	360.000	0.472	360.390	250.192	0.440	2.130	4.841
7/14/2010 14:08:41	52.748	360.000	0.470	361.390	250.192	0.440	2.130	4.841
7/14/2010 14:08:42	53.248	360.000	0.470	361.410	250.192	0.450	2.170	4.822
7/14/2010 14:08:42	53.748	360.000	0.471	361.170	250.192	0.440	2.170	4.932
7/14/2010 14:08:43	54.248	360.000	0.470	361.370	250.192	0.440	2.150	4.886
7/14/2010 14:08:43	54.748	360.000	0.470	361.090	250.192	0.440	2.150	4.886
7/14/2010 14:08:44	55.248	360.000	0.470	361.040	250.192	0.450	2.170	4.822
7/14/2010 14:08:44	55.748	360.000	0.470	360.890	250.192	0.450	2.170	4.822
7/14/2010 14:08:45	56.248	360.000	0.470	360.930	250.192	0.450	2.170	4.822
7/14/2010 14:08:45	56.748	360.000	0.470	360.760	250.192	0.470	2.150	4.574
7/14/2010 14:08:46	57.248	360.000	0.471	360.580	250.192	0.440	2.150	4.886
7/14/2010 14:08:46	57.748	360.000	0.470	360.640	250.192	0.450	2.150	4.778
7/14/2010 14:08:47	58.248	360.000	0.470	360.630	250.192	0.450	2.150	4.778
7/14/2010 14:08:47	58.748	360.000	0.471	360.400	250.192	0.450	2.150	4.778
7/14/2010 14:08:48	59.248	360.000	0.470	360.500	250.192	0.440	2.170	4.932
7/14/2010 14:08:48	59.748	360.000	0.470	360.430	250.192	0.450	2.170	4.822
7/14/2010 14:08:49	60.248	360.496	0.471	360.330	250.192	0.450	2.170	4.822
7/14/2010 14:08:49	60.748	361.496	0.473	360.460	250.192	0.450	2.150	4.778
7/14/2010 14:08:50	61.248	362.496	0.475	360.310	250.192	0.440	2.170	4.932
7/14/2010 14:08:50	61.748	363.496	0.477	360.180	250.192	0.420	2.170	5.167
7/14/2010 14:08:51	62.248	364.496	0.479	360.160	250.192	0.420	2.170	5.167
7/14/2010 14:08:51	62.748	365.496	0.481	360.140	250.192	0.450	2.150	4.778
7/14/2010 14:08:52	63.248	366.496	0.481	361.260	250.192	0.450	2.220	4.933
7/14/2010 14:08:52	63.748	367.496	0.483	361.650	250.192	0.450	2.200	4.889
7/14/2010 14:08:53	64.248	368.496	0.485	361.840	250.192	0.450	2.200	4.889
7/14/2010 14:08:53	64.748	369.496	0.487	362.070	250.192	0.450	2.220	4.933
7/14/2010 14:08:54	65.248	370.496	0.489	362.310	250.192	0.450	2.220	4.933
7/14/2010 14:08:54	65.748	371.496	0.491	362.430	250.192	0.430	2.200	5.116
7/14/2010 14:08:55	66.248	372.496	0.489	365.320	250.192	0.430	2.200	5.116
7/14/2010 14:08:55	66.748	373.496	0.496	363.310	250.192	0.470	2.220	4.723
7/14/2010 14:08:56	67.248	374.496	0.493	366.200	250.192	0.470	2.300	4.894
7/14/2010 14:08:56	67.748	375.496	0.495	366.910	250.192	0.460	2.300	5.000
7/14/2010 14:08:57	68.248	376.496	0.496	367.580	250.192	0.460	2.300	5.000
7/14/2010 14:08:57	68.749	377.498	0.498	368.400	250.192	0.460	2.350	5.109
7/14/2010 14:08:58	69.248	378.496	0.500	368.910	250.192	0.460	2.300	5.000
7/14/2010 14:08:58	69.748	379.496	0.502	369.520	250.192	0.450	2.300	5.111
7/14/2010 14:08:59	70.248	380.496	0.500	371.880	250.192	0.450	2.300	5.111
7/14/2010 14:08:59	70.749	381.498	0.502	372.700	250.192	0.480	2.370	4.937
7/14/2010 14:09:00	71.248	382.496	0.504	373.420	250.192	0.470	2.370	5.043
7/14/2010 14:09:00	71.748	383.496	0.505	374.450	250.192	0.470	2.370	5.043
7/14/2010 14:09:01	72.248	384.496	0.506	375.190	250.192	0.470	2.370	5.043
7/14/2010 14:09:01	72.749	385.498	0.508	375.860	250.192	0.470	2.390	5.085
7/14/2010 14:09:02	73.248	386.496	0.509	376.810	250.192	0.480	2.390	4.979
7/14/2010 14:09:02	73.748	387.496	0.511	377.340	250.192	0.440	2.390	5.432
7/14/2010 14:09:03	74.248	388.496	0.510	379.520	250.192	0.440	2.390	5.432
7/14/2010 14:09:03	74.748	389.496	0.511	380.620	250.192	0.500	2.430	4.860
7/14/2010 14:09:04	75.248	390.496	0.513	381.550	250.192	0.500	2.450	4.900
7/14/2010 14:09:04	75.748	391.496	0.513	382.750	250.192	0.500	2.450	4.900
7/14/2010 14:09:05	76.248	392.496	0.515	383.780	250.192	0.480	2.450	5.104
7/14/2010 14:09:05	76.748	393.496	0.516	384.520	250.192	0.490	2.450	5.000
7/14/2010 14:09:06	77.248	394.496	0.517	385.460	250.192	0.480	2.450	5.104
7/14/2010 14:09:06	77.748	395.496	0.519	386.130	250.192	0.490	2.450	5.000
7/14/2010 14:09:07	78.248	396.496	0.520	387.000	250.192	0.490	2.450	5.000
7/14/2010 14:09:07	78.749	397.498	0.519	389.440	250.192	0.490	2.520	5.143
7/14/2010 14:09:08	79.248	398.496	0.523	388.890	250.192	0.510	2.450	4.804
7/14/2010 14:09:08	79.748	399.496	0.522	391.230	250.192	0.510	2.450	4.804
7/14/2010 14:09:09	80.248	400.496	0.523	392.110	250.192	0.520	2.540	4.885
7/14/2010 14:09:09	80.748	401.496	0.524	393.170	250.192	0.490	2.520	5.143
7/14/2010 14:09:10	81.248	402.496	0.525	394.130	250.192	0.500	2.540	5.080
7/14/2010 14:09:10	81.748	403.496	0.526	394.940	250.192	0.500	2.540	5.080
7/14/2010 14:09:11	82.248	404.496	0.528	395.860	250.192	0.520	2.520	4.846
7/14/2010 14:09:11	82.748	405.496	0.529	396.910	250.192	0.500	2.520	5.040
7/14/2010 14:09:12	83.248	406.496	0.530	397.480	250.192	0.470	2.540	5.404
7/14/2010 14:09:12	83.748	407.496	0.526	401.560	250.192	0.470	2.540	5.404
7/14/2010 14:09:13	84.248	408.496	0.532	399.850	250.192	0.490	2.560	5.224
7/14/2010 14:09:13	84.748	409.496	0.528	403.780	250.192	0.510	2.670	5.235
7/14/2010 14:09:14	85.248	410.496	0.533	402.190	250.192	0.500	2.580	5.160
7/14/2010 14:09:14	85.748	411.496	0.529	405.980	250.192	0.500	2.580	5.160
7/14/2010 14:09:15	86.248	412.496	0.535	404.160	250.192	0.470	2.580	5.489
7/14/2010 14:09:15	86.748	413.496	0.531	407.910	250.192	0.500	2.710	5.420
7/14/2010 14:09:16	87.248	414.496	0.531	409.530	250.192	0.510	2.690	5.275
7/14/2010 14:09:16	87.748	415.496	0.532	410.650	250.192	0.510	2.690	5.275
7/14/2010 14:09:17	88.248	416.496	0.532	411.770	250.192	0.520	2.710	5.212
7/14/2010 14:09:17	88.748	417.496	0.531	413.660	250.192	0.500	2.750	5.500
7/14/2010 14:09:18	89.248	418.496	0.532	414.650	250.192	0.520	2.750	5.288
7/14/2010 14:09:18	89.748	419.496	0.532	415.930	250.192	0.520	2.750	5.288
7/14/2010 14:09:19	90.248	420.496	0.532	416.890	250.192	0.540	2.730	5.056
7/14/2010 14:09:19	90.748	421.496	0.533	417.900	250.192	0.530	2.730	5.151
7/14/2010 14:09:20	91.248	422.496	0.533	418.900	250.192	0.500	2.730	5.460
7/14/2010 14:09:20	91.748	423.496	0.534	419.790	250.192	0.500	2.730	5.460
7/14/2010 14:09:21	92.248	424.496	0.534	420.800	250.192	0.490	2.730	5.571
7/14/2010 14:09:21	92.748	425.496	0.535	421.510	250.192	0.500	2.750	5.500
7/14/2010 14:09:22	93.248	426.496	0.535	422.580	250.192	0.520	2.750	5.288
7/14/2010 14:09:22	93.748	427.496	0.536	423.360	250.192	0.520	2.750	5.288
7/14/2010 14:09:23	94.249	428.498	0.537	424.200	250.192	0.490	2.750	5.612
7/14/2010 14:09:23	94.748	429.496	0.538	424.970	250.192	0.490	2.780	5.673
7/14/2010 14:09:24	95.248	430.496	0.539	425.800	250.192	0.520	2.780	5.346
7/14/2010 14:09:24	95.748	431.496	0.540	426.570	250.192	0.520	2.780	5.346
7/14/2010 14:09:25	96.249	432.498	0.541	427.240	250.192	0.500	2.780	5.560
7/14/2010 14:09:25	96.748	433.496	0.539	429.430	250.192	0.500	2.820	5.640
7/14/2010 14:09:26	97.248	434.496	0.543	428.650	250.192	0.510	2.780	5.451
7/14/2010 14:09:26	97.748	435.496	0.541	431.290	250.192	0.510	2.780	5.451
7/14/2010 14:09:27	98.249	436.498	0.542	432.320	250.192	0.510	2.910	5.706
7/14/2010 14:09:27	98.748	437.496	0.542	433.320	250.192	0.510	2.910	5.706
7/14/2010 14:09:28	99.248	438.496	0.542	434.540	250.192	0.520	2.930	5.635
7/14/2010 14:09:28	99.748	439.496	0.543	435.380	250.192	0.520	2.930	5.635
7/14/2010 14:09:29	100.249	440.498	0.544	436.360	250.192	0.510	2.930	5.745
7/14/2010 14:09:29	100.748	441.496	0.544	437.450	250.192	0.520	2.930	5.635
7/14/2010 14:09:30	101.248	442.496	0.555	432.430	250.192	0.530	2.930	5.528
7/14/2010 14:09:30	101.748	443.496	0.553	434.560	250.192	0.530	2.930	5.528
7/14/2010 14:09:31	102.248	444.496	0.554	435.850	250.192	0.540	2.990	5.537
7/14/2010 14:09:31	102.748	445.496	0.555	437.030	250.192	0.520	2.990	5.750
7/14/2010 14:09:32	103.248	446.496	0.556	438.220	250.192	0.520	3.010	5.788
7/14/2010 14:09:32	103.748	447.496	0.556	439.350	250.192	0.520	3.010	5.788
7/14/2010 14:09:33	104.248	448.496	0.557	440.460	250.192	0.520	3.010	5.788
7/14/2010 14:09:33	104.748	449.496	0.558	441.510	250.192	0.500	3.030	6.060
7/14/2010 14:09:34	105.248	450.496	0.560	442.310	250.192	0.540	3.030	5.611
7/14/2010 14:09:34	105.748	451.496	0.560	443.520	250.192	0.540	3.030	5.611
7/14/2010 14:09:35	106.248	452.496	0.560	445.400	250.192	0.530	3.100	5.849
7/14/2010 14:09:35	106.748	453.496	0.562	445.530	250.192	0.530	3.060	5.774
7/14/2010 14:09:36	107.248	454.496	0.561	447.500	250.192	0.550	3.100	5.636
7/14/2010 14:09:36	107.748	455.496	0.562	448.590	250.192	0.550	3.100	5.636
7/14/2010 14:09:37	108.248	456.496	0.563	449.950	250.192	0.530	3.120	5.887
7/14/2010 14:09:37	108.748	457.496	0.563	451.050	250.192	0.520	3.120	6.000
7/14/2010 14:09:38	109.248	458.496	0.563	452.440	250.192	0.530	3.120	5.887
7/14/2010 14:09:38	109.748	459.496	0.565	452.850	250.192	0.530	3.120	5.887
7/14/2010 14:09:39	110.248	460.496	0.566	453.800	250.192	0.560	3.160	5.643
7/14/2010 14:09:39	110.748	461.496	0.567	454.750	250.192	0.540	3.140	5.815
7/14/2010 14:09:40	111.248	462.496	0.568	455.680	250.192	0.530	3.140	5.925
7/14/2010 14:09:40	111.748	463.496	0.569	456.530	250.192	0.530	3.140	5.925
7/14/2010 14:09:41	112.248	464.496	0.570	457.310	250.192	0.530	3.160	5.962
7/14/2010 14:09:41	112.748	465.496	0.567	460.480	250.192	0.550	3.250	5.909
7/14/2010 14:09:42	113.248	466.496	0.572	459.590	250.192	0.530	3.160	5.962
7/14/2010 14:09:42	113.748	467.496	0.569	462.650	250.192	0.530	3.160	5.962
7/14/2010 14:09:43	114.248	468.496	0.573	461.790	250.192	0.560	3.180	5.679
7/14/2010 14:09:43	114.748	469.496	0.570	464.800	250.192	0.550	3.230	5.873
7/14/2010 14:09:44	115.248	470.496	0.575	463.580	250.192	0.530	3.160	5.962
7/14/2010 14:09:44	115.748	471.496	0.572	466.540	250.192	0.530	3.160	5.962
7/14/2010 14:09:45	116.248	472.496	0.572	467.720	250.192	0.540	3.250	6.019
7/14/2010 14:09:45	116.748	473.496	0.573	468.840	250.192	0.550	3.250	5.909
7/14/2010 14:09:46	117.248	474.496	0.573	469.870	250.192	0.540	3.230	5.981
7/14/2010 14:09:46	117.748	475.496	0.574	470.840	250.192	0.540	3.230	5.981
7/14/2010 14:09:47	118.248	476.496	0.575	471.800	250.192	0.550	3.250	5.909
7/14/2010 14:09:47	118.748	477.496	0.575	472.700	250.192	0.550	3.250	5.909
7/14/2010 14:09:48	119.248	478.496	0.576	473.630	250.192	0.550	3.250	5.909
7/14/2010 14:09:48	119.749	479.498	0.577	474.400	250.192	0.550	3.270	5.945
7/14/2010 14:09:49	120.248	480.496	0.578	475.300	250.192	0.550	3.270	5.945
7/14/2010 14:09:49	120.748	481.496	0.579	476.110	250.192	0.570	3.270	5.737
7/14/2010 14:09:50	121.248	482.496	0.580	476.880	250.192	0.540	3.290	6.093
7/14/2010 14:09:50	121.748	483.496	0.581	477.690	250.192	0.540	3.290	6.093
7/14/2010 14:09:51	122.248	484.496	0.580	479.720	250.192	0.570	3.330	5.842
7/14/2010 14:09:51	122.748	485.496	0.582	479.770	250.192	0.550	3.290	5.982
7/14/2010 14:09:52	123.248	486.496	0.581	481.780	250.192	0.560	3.360	6.000
7/14/2010 14:09:52	123.748	487.496	0.582	482.860	250.192	0.560	3.360	6.000
7/14/2010 14:09:53	124.248	488.496	0.582	484.000	250.192	0.550	3.360	6.109
7/14/2010 14:09:53	124.748	489.496	0.583	484.980	250.192	0.550	3.360	6.109
7/14/2010 14:09:54	125.248	490.496	0.583	485.970	250.192	0.550	3.360	6.109
7/14/2010 14:09:54	125.748	491.496	0.584	486.920	250.192	0.550	3.360	6.109
7/14/2010 14:09:55	126.248	492.496	0.584	487.850	250.192	0.540	3.360	6.222
7/14/2010 14:09:55	126.748	493.496	0.586	488.520	250.192	0.550	3.380	6.145
7/14/2010 14:09:56	127.249	494.498	0.586	489.550	250.192	0.570	3.380	5.930
7/14/2010 14:09:56	127.748	495.496	0.587	490.170	250.192	0.570	3.380	5.930
7/14/2010 14:09:57	128.248	496.496	0.588	490.930	250.192	0.560	3.380	6.036
7/14/2010 14:09:57	128.748	497.496	0.590	491.600	250.192	0.550	3.400	6.182
7/14/2010 14:09:58	129.249	498.498	0.591	492.340	250.192	0.580	3.380	5.828
7/14/2010 14:09:58	129.748	499.496	0.590	493.960	250.192	0.580	3.380	5.828
7/14/2010 14:09:59	130.248	500.496	0.591	494.880	250.192	0.590	3.420	5.797
7/14/2010 14:09:59	130.748	501.496	0.592	495.710	250.192	0.560	3.440	6.143
7/14/2010 14:10:00	131.249	502.498	0.593	496.580	250.192	0.580	3.440	5.931
7/14/2010 14:10:00	131.748	503.496	0.594	497.280	250.192	0.580	3.440	5.931
7/14/2010 14:10:01	132.248	504.496	0.596	498.060	250.192	0.580	3.440	5.931
7/14/2010 14:10:01	132.748	505.496	0.597	498.800	250.192	0.580	3.440	5.931
7/14/2010 14:10:02	133.248	506.496	0.598	499.570	250.192	0.580	3.440	5.931
7/14/2010 14:10:02	133.748	507.496	0.599	500.270	250.192	0.570	3.440	6.035
7/14/2010 14:10:03	134.248	508.496	0.601	500.910	250.192	0.580	3.440	5.931
7/14/2010 14:10:03	134.748	509.496	0.601	502.590	250.192	0.580	3.490	6.017
7/14/2010 14:10:04	135.248	510.496	0.602	503.420	250.192	0.580	3.490	6.017
7/14/2010 14:10:04	135.748	511.496	0.603	504.290	250.192	0.580	3.490	6.017
7/14/2010 14:10:05	136.248	512.496	0.604	505.080	250.192	0.550	3.490	6.345
7/14/2010 14:10:05	136.748	513.496	0.605	505.870	250.192	0.560	3.490	6.232
7/14/2010 14:10:06	137.248	514.496	0.607	506.530	250.192	0.560	3.490	6.232
7/14/2010 14:10:06	137.748	515.496	0.608	507.260	250.192	0.590	3.510	5.949
7/14/2010 14:10:07	138.248	516.496	0.610	507.970	250.192	0.560	3.510	6.268
7/14/2010 14:10:07	138.748	517.496	0.611	508.610	250.192	0.590	3.510	5.949
7/14/2010 14:10:08	139.248	518.496	0.611	510.210	250.192	0.590	3.510	5.949
7/14/2010 14:10:08	139.748	519.496	0.613	511.010	250.192	0.590	3.550	6.017
7/14/2010 14:10:09	140.248	520.496	0.614	511.860	250.192	0.550	3.530	6.418
7/14/2010 14:10:09	140.748	521.496	0.616	512.570	250.192	0.570	3.550	6.228
7/14/2010 14:10:10	141.248	522.496	0.617	513.350	250.192	0.570	3.550	6.228
7/14/2010 14:10:10	141.748	523.496	0.619	514.040	250.192	0.580	3.550	6.121
7/14/2010 14:10:11	142.248	524.496	0.621	514.660	250.192	0.580	3.530	6.086
7/14/2010 14:10:11	142.748	525.496	0.619	517.380	250.192	0.600	3.590	5.983
7/14/2010 14:10:12	143.248	526.496	0.624	516.370	250.192	0.600	3.590	5.983
7/14/2010 14:10:12	143.748	527.496	0.622	518.870	250.192	0.580	3.610	6.224
7/14/2010 14:10:13	144.248	528.496	0.623	519.890	250.192	0.600	3.610	6.017
7/14/2010 14:10:13	144.748	529.496	0.624	520.820	250.192	0.620	3.590	5.790
7/14/2010 14:10:14	145.248	530.496	0.626	521.820	250.192	0.620	3.590	5.790
7/14/2010 14:10:14	145.748	531.496	0.627	522.650	250.192	0.600	3.590	5.983
7/14/2010 14:10:15	146.248	532.496	0.628	523.440	250.192	0.610	3.610	5.918
7/14/2010 14:10:15	146.748	533.496	0.630	524.230	250.192	0.620	3.610	5.823
7/14/2010 14:10:16	147.248	534.496	0.631	524.920	250.192	0.620	3.610	5.823
7/14/2010 14:10:16	147.748	535.496	0.632	526.530	250.192	0.610	3.640	5.967
7/14/2010 14:10:17	148.248	536.496	0.633	527.430	250.192	0.610	3.640	5.967
7/14/2010 14:10:17	148.749	537.498	0.634	528.330	250.192	0.620	3.640	5.871
7/14/2010 14:10:18	149.248	538.496	0.634	529.940	250.192	0.620	3.640	5.871
7/14/2010 14:10:18	149.748	539.496	0.637	530.330	250.192	0.630	3.530	5.603
7/14/2010 14:10:19	150.248	540.496	0.639	530.590	250.192	0.620	3.550	5.726
7/14/2010 14:10:19	150.749	541.498	0.641	530.900	250.192	0.620	3.550	5.726
7/14/2010 14:10:20	151.248	542.496	0.642	532.150	250.192	0.620	3.550	5.726
7/14/2010 14:10:20	151.748	543.496	0.644	532.770	250.192	0.600	3.570	5.950
7/14/2010 14:10:21	152.248	544.496	0.646	533.190	250.192	0.600	3.570	5.950
7/14/2010 14:10:21	152.748	545.496	0.648	533.710	250.192	0.600	3.570	5.950
7/14/2010 14:10:22	153.248	546.496	0.651	534.040	250.192	0.620	3.550	5.726
7/14/2010 14:10:22	153.748	547.496	0.652	535.520	250.192	0.630	3.590	5.698
7/14/2010 14:10:23	154.248	548.496	0.654	536.090	250.192	0.650	3.590	5.523
7/14/2010 14:10:23	154.748	549.496	0.656	536.710	250.192	0.650	3.590	5.523
7/14/2010 14:10:24	155.248	550.496	0.658	537.300	250.192	0.620	3.590	5.790
7/14/2010 14:10:24	155.748	551.496	0.661	537.890	250.192	0.610	3.590	5.885
7/14/2010 14:10:25	156.248	552.496	0.659	540.440	250.192	0.640	3.660	5.719
7/14/2010 14:10:25	156.748	553.496	0.665	539.450	250.192	0.640	3.660	5.719
7/14/2010 14:10:26	157.248	554.496	0.663	541.950	250.192	0.650	3.640	5.600
7/14/2010 14:10:26	157.748	555.496	0.666	542.800	250.192	0.630	3.660	5.810
7/14/2010 14:10:27	158.248	556.496	0.667	543.770	250.192	0.630	3.660	5.810
7/14/2010 14:10:27	158.748	557.496	0.669	544.570	250.192	0.640	3.640	5.687
7/14/2010 14:10:28	159.248	558.496	0.671	545.280	250.192	0.640	3.640	5.687
7/14/2010 14:10:28	159.748	559.496	0.671	547.110	250.192	0.650	3.660	5.631
7/14/2010 14:10:29	160.248	560.496	0.673	548.010	250.192	0.650	3.660	5.631
7/14/2010 14:10:29	160.748	561.496	0.675	549.050	250.192	0.650	3.660	5.631
7/14/2010 14:10:30	161.248	562.496	0.677	549.860	250.192	0.650	3.660	5.631
7/14/2010 14:10:30	161.748	563.496	0.679	550.590	250.192	0.640	3.660	5.719
7/14/2010 14:10:31	162.248	564.496	0.681	551.340	250.192	0.640	3.660	5.719
7/14/2010 14:10:31	162.748	565.496	0.681	553.070	250.192	0.650	3.680	5.662
7/14/2010 14:10:32	163.248	566.496	0.683	553.990	250.192	0.650	3.680	5.662
7/14/2010 14:10:32	163.748	567.496	0.685	554.810	250.192	0.650	3.660	5.631
7/14/2010 14:10:33	164.248	568.496	0.687	555.560	250.192	0.650	3.660	5.631
7/14/2010 14:10:33	164.748	569.496	0.689	556.260	250.192	0.660	3.660	5.545
7/14/2010 14:10:34	165.248	570.496	0.691	556.900	250.192	0.670	3.660	5.463
7/14/2010 14:10:34	165.748	571.496	0.692	558.420	250.192	0.690	3.680	5.333
7/14/2010 14:10:35	166.248	572.496	0.694	559.180	250.192	0.690	3.680	5.333
7/14/2010 14:10:35	166.748	573.496	0.696	559.860	250.192	0.650	3.700	5.692
7/14/2010 14:10:36	167.248	574.496	0.698	560.610	250.192	0.660	3.700	5.606
7/14/2010 14:10:36	167.748	575.496	0.700	561.250	250.192	0.650	3.700	5.692
7/14/2010 14:10:37	168.248	576.496	0.699	563.860	250.192	0.650	3.700	5.692
7/14/2010 14:10:37	168.749	577.498	0.704	563.010	250.192	0.650	3.680	5.662
7/14/2010 14:10:38	169.248	578.496	0.703	565.450	250.192	0.660	3.740	5.667
7/14/2010 14:10:38	169.748	579.496	0.705	566.440	250.192	0.660	3.740	5.667
7/14/2010 14:10:39	170.248	580.496	0.707	567.330	250.192	0.660	3.740	5.667
7/14/2010 14:10:39	170.749	581.498	0.709	568.310	250.192	0.670	3.720	5.552
7/14/2010 14:10:40	171.248	582.496	0.711	569.100	250.192	0.660	3.740	5.667
7/14/2010 14:10:40	171.748	583.496	0.711	570.830	250.192	0.660	3.740	5.667
7/14/2010 14:10:41	172.248	584.496	0.713	571.820	250.192	0.660	3.740	5.667
7/14/2010 14:10:41	172.749	585.498	0.714	572.910	250.192	0.660	3.740	5.667
7/14/2010 14:10:42	173.248	586.496	0.716	573.780	250.192	0.660	3.740	5.667
7/14/2010 14:10:42	173.748	587.496	0.718	574.550	250.192	0.700	3.760	5.371
7/14/2010 14:10:43	174.248	588.496	0.720	575.410	250.192	0.700	3.760	5.371
7/14/2010 14:10:43	174.749	589.498	0.722	576.090	250.192	0.680	3.740	5.500
7/14/2010 14:10:44	175.248	590.496	0.723	577.600	250.192	0.670	3.760	5.612
7/14/2010 14:10:44	175.748	591.496	0.725	578.370	250.192	0.680	3.760	5.529
7/14/2010 14:10:45	176.248	592.496	0.727	579.180	250.192	0.680	3.760	5.529
7/14/2010 14:10:45	176.749	593.498	0.729	579.940	250.192	0.700	3.760	5.371
7/14/2010 14:10:46	177.248	594.496	0.731	580.570	250.192	0.690	3.760	5.449
7/14/2010 14:10:46	177.748	595.496	0.732	582.120	250.192	0.690	3.760	5.449
7/14/2010 14:10:47	178.248	596.496	0.734	583.010	250.192	0.700	3.790	5.414
7/14/2010 14:10:47	178.748	597.496	0.736	583.790	250.192	0.710	3.790	5.338
7/14/2010 14:10:48	179.248	598.496	0.738	584.440	250.192	0.670	3.790	5.657
7/14/2010 14:10:48	179.748	599.496	0.740	585.140	250.192	0.670	3.790	5.657
7/14/2010 14:10:49	180.248	600.496	0.741	586.680	250.192	0.680	3.810	5.603
7/14/2010 14:10:49	180.748	601.496	0.743	587.620	250.192	0.690	3.790	5.493
7/14/2010 14:10:50	181.248	602.496	0.745	588.310	250.192	0.680	3.790	5.574
7/14/2010 14:10:50	181.748	603.496	0.748	589.060	250.192	0.680	3.790	5.574
7/14/2010 14:10:51	182.248	604.496	0.750	589.670	250.192	0.690	3.810	5.522
7/14/2010 14:10:51	182.748	605.496	0.752	590.250	250.192	0.700	3.790	5.414
7/14/2010 14:10:52	183.248	606.496	0.752	592.710	250.192	0.730	3.850	5.274
7/14/2010 14:10:52	183.748	607.496	0.754	593.670	250.192	0.730	3.850	5.274
7/14/2010 14:10:53	184.248	608.496	0.756	594.680	250.192	0.720	3.830	5.319
7/14/2010 14:10:53	184.748	609.496	0.757	595.710	250.192	0.710	3.830	5.394
7/14/2010 14:10:54	185.248	610.496	0.759	596.410	250.192	0.700	3.830	5.471
7/14/2010 14:10:54	185.748	611.496	0.762	597.090	250.192	0.700	3.830	5.471
7/14/2010 14:10:55	186.248	612.496	0.762	598.910	250.192	0.700	3.850	5.500
7/14/2010 14:10:55	186.748	613.496	0.764	599.820	250.192	0.730	3.850	5.274
7/14/2010 14:10:56	187.248	614.496	0.766	600.740	250.192	0.720	3.830	5.319
7/14/2010 14:10:56	187.748	615.496	0.768	601.480	250.192	0.720	3.830	5.319
7/14/2010 14:10:57	188.248	616.496	0.770	602.140	250.192	0.720	3.830	5.319
7/14/2010 14:10:57	188.748	617.496	0.771	603.570	250.192	0.760	3.850	5.066
7/14/2010 14:10:58	189.248	618.496	0.773	604.450	250.192	0.730	3.850	5.274
7/14/2010 14:10:58	189.748	619.496	0.776	605.210	250.192	0.730	3.850	5.274
7/14/2010 14:10:59	190.248	620.496	0.778	605.830	250.192	0.720	3.850	5.347
7/14/2010 14:10:59	190.748	621.496	0.780	606.590	250.192	0.720	3.830	5.319
7/14/2010 14:11:00	191.248	622.496	0.781	608.080	250.192	0.750	3.850	5.133
7/14/2010 14:11:00	191.748	623.496	0.783	609.040	250.192	0.750	3.850	5.133
7/14/2010 14:11:01	192.248	624.496	0.785	609.780	250.192	0.770	3.850	5.000
7/14/2010 14:11:01	192.748	625.496	0.788	610.420	250.192	0.750	3.850	5.133
7/14/2010 14:11:02	193.248	626.496	0.790	611.040	250.192	0.720	3.870	5.375
7/14/2010 14:11:02	193.748	627.496	0.790	613.470	250.192	0.720	3.870	5.375
7/14/2010 14:11:03	194.249	628.498	0.795	612.650	250.192	0.760	3.850	5.066
7/14/2010 14:11:03	194.748	629.496	0.794	614.840	250.192	0.750	3.870	5.160
7/14/2010 14:11:04	195.248	630.496	0.797	615.700	250.192	0.750	3.870	5.160
7/14/2010 14:11:04	195.748	631.496	0.799	616.540	250.192	0.750	3.870	5.160
7/14/2010 14:11:05	196.249	632.498	0.801	617.360	250.192	0.760	3.850	5.066
7/14/2010 14:11:05	196.748	633.496	0.802	618.990	250.192	0.760	3.870	5.092
7/14/2010 14:11:06	197.248	634.496	0.804	619.870	250.192	0.780	3.890	4.987
7/14/2010 14:11:06	197.748	635.496	0.806	620.490	250.192	0.780	3.890	4.987
7/14/2010 14:11:07	198.249	636.498	0.808	621.280	250.192	0.760	3.870	5.092
7/14/2010 14:11:07	198.748	637.496	0.811	621.900	250.192	0.770	3.870	5.026
7/14/2010 14:11:08	199.248	638.496	0.812	623.350	250.192	0.780	3.890	4.987
7/14/2010 14:11:08	199.748	639.496	0.814	624.090	250.192	0.780	3.890	4.987
7/14/2010 14:11:09	200.249	640.498	0.817	624.600	250.192	0.780	3.870	4.962
7/14/2010 14:11:09	200.748	641.496	0.820	625.270	250.192	0.790	3.870	4.899
7/14/2010 14:11:10	201.248	642.496	0.822	625.840	250.192	0.780	3.850	4.936
7/14/2010 14:11:10	201.748	643.496	0.824	627.060	250.192	0.780	3.850	4.936
7/14/2010 14:11:11	202.249	644.498	0.827	627.730	250.192	0.770	3.870	5.026
7/14/2010 14:11:11	202.748	645.496	0.830	628.090	250.192	0.820	3.870	4.720
7/14/2010 14:11:12	203.248	646.496	0.833	628.700	250.192	0.800	3.870	4.837
7/14/2010 14:11:12	203.748	647.496	0.834	630.160	250.192	0.800	3.870	4.837
7/14/2010 14:11:13	204.249	648.498	0.837	630.870	250.192	0.780	3.890	4.987
7/14/2010 14:11:13	204.748	649.496	0.839	631.490	250.192	0.820	3.890	4.744
7/14/2010 14:11:14	205.248	650.496	0.842	632.050	250.192	0.780	3.870	4.962
7/14/2010 14:11:14	205.748	651.496	0.842	634.350	250.192	0.780	3.870	4.962
7/14/2010 14:11:15	206.248	652.496	0.845	635.320	250.192	0.790	3.890	4.924
7/14/2010 14:11:15	206.748	653.496	0.847	636.310	250.192	0.820	3.890	4.744
7/14/2010 14:11:16	207.248	654.496	0.850	636.870	250.192	0.800	3.890	4.862
7/14/2010 14:11:16	207.748	655.496	0.853	637.560	250.192	0.800	3.890	4.862
7/14/2010 14:11:17	208.248	656.496	0.854	638.950	250.192	0.820	3.890	4.744
7/14/2010 14:11:17	208.748	657.496	0.857	639.770	250.192	0.820	3.890	4.744
7/14/2010 14:11:18	209.248	658.496	0.859	640.420	250.192	0.830	3.890	4.687
7/14/2010 14:11:18	209.748	659.496	0.862	641.100	250.192	0.830	3.890	4.687
7/14/2010 14:11:19	210.248	660.000	0.863	642.530	250.192	0.800	3.890	4.862
