==Experiment Metadata==
Software Version::TPD Controller v1.0
Data Saved::Wed, Jul 14, 2010 14:49:06
Sample::JRS0032
Experimenter Name::CHeidelberger
Experiment Type::Temp Control System Test
Chamber::Prep
Thermocouple Type::K
Notes::Testing Tuning Parameters

==Hardware Parameters==
Start Time::Wed, Jul 14, 2010 14:44:53
Data Points::422
Sample Start Temperature (Thermocouple) [C]::39.46600
Current Limit [A]::5.00000
Temperature Limit [C]::800.00000
Voltage Limit [V]::20.00000
PID Calculates::Current

==PID Gain Schedule==
Kc	Ti[minutes]	Td[minutes]	MaxTemperature[C]
0.0030000	0.1000000	0.0005000	0.00

==Temperature Schedule==
Time[s]	TemperatureSetpoint[C]
0.00	350.00
60.00	350.00
210.00	650.00

==Data==
DateStamp	ElapsedTime[s]	TemperatureSetpoint[C]	CurrentSetpoint[A]	ThermocoupleTemperature[C]	PyrometerTemperature[C]	MeasuredCurrent[A]	MeasuredVoltage[V]	MeasuredResistance[ohms]
7/14/2010 14:44:53	0.000	350.000	0.932	39.466	0.000	0.000	0.010	Inf
7/14/2010 14:44:53	0.343	350.000	0.984	39.461	250.150	0.000	0.010	Inf
7/14/2010 14:44:54	0.843	350.000	0.498	209.930	250.150	0.940	4.770	5.074
7/14/2010 14:44:54	1.343	350.000	0.734	158.370	250.150	0.480	2.200	4.583
7/14/2010 14:44:55	1.843	350.000	0.604	209.410	250.150	0.670	3.360	5.015
7/14/2010 14:44:55	2.343	350.000	0.660	206.000	250.150	0.590	2.750	4.661
7/14/2010 14:44:56	2.843	350.000	0.625	227.150	250.150	0.590	2.750	4.661
7/14/2010 14:44:56	3.343	350.000	0.625	237.670	250.150	0.580	3.030	5.224
7/14/2010 14:44:57	3.843	350.000	0.613	250.190	250.150	0.600	3.100	5.167
7/14/2010 14:44:57	4.343	350.000	0.607	260.230	250.150	0.570	3.100	5.439
7/14/2010 14:44:58	4.843	350.000	0.598	270.340	250.150	0.570	3.100	5.439
7/14/2010 14:44:58	5.343	350.000	0.590	279.460	250.150	0.570	3.120	5.474
7/14/2010 14:44:59	5.843	350.000	0.580	288.360	250.150	0.560	3.140	5.607
7/14/2010 14:44:59	6.343	350.000	0.570	296.370	250.150	0.570	3.100	5.439
7/14/2010 14:45:00	6.843	350.000	0.552	306.300	250.150	0.570	3.100	5.439
7/14/2010 14:45:00	7.343	350.000	0.553	309.820	250.150	0.520	2.820	5.423
7/14/2010 14:45:01	7.843	350.000	0.543	316.180	250.150	0.530	2.800	5.283
7/14/2010 14:45:01	8.343	350.000	0.537	320.750	250.150	0.520	2.780	5.346
7/14/2010 14:45:02	8.843	350.000	0.532	324.820	250.150	0.520	2.780	5.346
7/14/2010 14:45:02	9.343	350.000	0.523	329.790	250.150	0.500	2.750	5.500
7/14/2010 14:45:03	9.843	350.000	0.522	331.830	250.150	0.480	2.670	5.562
7/14/2010 14:45:03	10.343	350.000	0.514	335.790	250.150	0.490	2.670	5.449
7/14/2010 14:45:04	10.843	350.000	0.510	338.340	250.150	0.490	2.670	5.449
7/14/2010 14:45:04	11.343	350.000	0.506	340.410	250.150	0.470	2.650	5.638
7/14/2010 14:45:05	11.843	350.000	0.499	343.550	250.150	0.460	2.630	5.717
7/14/2010 14:45:05	12.343	350.000	0.495	345.150	250.150	0.460	2.580	5.609
7/14/2010 14:45:06	12.843	350.000	0.489	347.670	250.150	0.460	2.580	5.609
7/14/2010 14:45:06	13.343	350.000	0.490	347.470	250.150	0.450	2.520	5.600
7/14/2010 14:45:07	13.843	350.000	0.476	352.050	250.150	0.450	2.630	5.844
7/14/2010 14:45:07	14.343	350.000	0.482	350.270	250.150	0.420	2.500	5.952
7/14/2010 14:45:08	14.843	350.000	0.472	353.090	250.150	0.420	2.500	5.952
7/14/2010 14:45:08	15.343	350.000	0.471	353.450	250.150	0.440	2.520	5.727
7/14/2010 14:45:09	15.843	350.000	0.465	354.920	250.150	0.450	2.520	5.600
7/14/2010 14:45:09	16.343	350.000	0.465	354.620	250.150	0.450	2.500	5.556
7/14/2010 14:45:10	16.843	350.000	0.460	355.810	250.150	0.450	2.500	5.556
7/14/2010 14:45:10	17.343	350.000	0.455	356.910	250.150	0.450	2.480	5.511
7/14/2010 14:45:11	17.843	350.000	0.455	356.630	250.150	0.430	2.430	5.651
7/14/2010 14:45:11	18.343	350.000	0.451	357.320	250.150	0.400	2.430	6.075
7/14/2010 14:45:12	18.843	350.000	0.446	358.060	250.150	0.400	2.430	6.075
7/14/2010 14:45:12	19.343	350.000	0.447	357.210	250.150	0.420	2.390	5.690
7/14/2010 14:45:13	19.844	350.000	0.444	357.640	250.150	0.410	2.410	5.878
7/14/2010 14:45:13	20.343	350.000	0.441	358.040	250.150	0.410	2.410	5.878
7/14/2010 14:45:14	20.843	350.000	0.438	358.400	250.150	0.420	2.410	5.738
7/14/2010 14:45:14	21.343	350.000	0.443	356.040	250.150	0.390	2.280	5.846
7/14/2010 14:45:15	21.844	350.000	0.433	358.510	250.150	0.420	2.390	5.690
7/14/2010 14:45:15	22.343	350.000	0.439	356.180	250.150	0.420	2.390	5.690
7/14/2010 14:45:16	22.843	350.000	0.438	355.960	250.150	0.390	2.280	5.846
7/14/2010 14:45:16	23.343	350.000	0.437	355.750	250.150	0.390	2.300	5.897
7/14/2010 14:45:17	23.844	350.000	0.437	355.460	250.150	0.400	2.300	5.750
7/14/2010 14:45:17	24.343	350.000	0.436	355.290	250.150	0.400	2.300	5.750
7/14/2010 14:45:18	24.843	350.000	0.435	355.150	250.150	0.390	2.300	5.897
7/14/2010 14:45:18	25.343	350.000	0.434	354.970	250.150	0.410	2.280	5.561
7/14/2010 14:45:19	25.844	350.000	0.433	354.830	250.150	0.400	2.300	5.750
7/14/2010 14:45:19	26.343	350.000	0.433	354.590	250.150	0.400	2.300	5.750
7/14/2010 14:45:20	26.843	350.000	0.432	354.480	250.150	0.390	2.300	5.897
7/14/2010 14:45:20	27.343	350.000	0.432	354.330	250.150	0.400	2.300	5.750
7/14/2010 14:45:21	27.843	350.000	0.431	354.190	250.150	0.380	2.300	6.053
7/14/2010 14:45:21	28.343	350.000	0.430	354.020	250.150	0.380	2.300	6.053
7/14/2010 14:45:22	28.843	350.000	0.430	353.930	250.150	0.400	2.280	5.700
7/14/2010 14:45:22	29.343	350.000	0.433	352.570	250.150	0.380	2.240	5.895
7/14/2010 14:45:23	29.843	350.000	0.429	353.470	250.150	0.410	2.280	5.561
7/14/2010 14:45:23	30.343	350.000	0.433	352.220	250.150	0.410	2.280	5.561
7/14/2010 14:45:24	30.843	350.000	0.429	353.190	250.150	0.410	2.300	5.610
7/14/2010 14:45:24	31.343	350.000	0.433	351.830	250.150	0.380	2.240	5.895
7/14/2010 14:45:25	31.843	350.000	0.429	352.790	250.150	0.410	2.280	5.561
7/14/2010 14:45:25	32.343	350.000	0.433	351.440	250.150	0.410	2.280	5.561
7/14/2010 14:45:26	32.843	350.000	0.429	352.310	250.150	0.410	2.280	5.561
7/14/2010 14:45:26	33.343	350.000	0.433	351.040	250.150	0.380	2.240	5.895
7/14/2010 14:45:27	33.843	350.000	0.429	351.990	250.150	0.380	2.240	5.895
7/14/2010 14:45:27	34.343	350.000	0.433	350.750	250.150	0.380	2.240	5.895
7/14/2010 14:45:28	34.843	350.000	0.429	351.840	250.150	0.420	2.280	5.429
7/14/2010 14:45:28	35.343	350.000	0.433	350.470	250.150	0.390	2.240	5.744
7/14/2010 14:45:29	35.843	350.000	0.430	351.420	250.150	0.430	2.280	5.302
7/14/2010 14:45:29	36.343	350.000	0.433	350.290	250.150	0.430	2.280	5.302
7/14/2010 14:45:30	36.843	350.000	0.430	351.200	250.150	0.400	2.280	5.700
7/14/2010 14:45:30	37.344	350.000	0.430	351.170	250.150	0.390	2.280	5.846
7/14/2010 14:45:31	37.843	350.000	0.430	351.200	250.150	0.390	2.280	5.846
7/14/2010 14:45:31	38.343	350.000	0.434	349.940	250.150	0.380	2.240	5.895
7/14/2010 14:45:32	38.843	350.000	0.430	351.010	250.150	0.400	2.280	5.700
7/14/2010 14:45:32	39.344	350.000	0.434	349.870	250.150	0.410	2.240	5.463
7/14/2010 14:45:33	39.843	350.000	0.430	350.960	250.150	0.420	2.280	5.429
7/14/2010 14:45:33	40.343	350.000	0.434	349.620	250.150	0.420	2.280	5.429
7/14/2010 14:45:34	40.843	350.000	0.431	350.590	250.150	0.410	2.280	5.561
7/14/2010 14:45:34	41.344	350.000	0.430	350.770	250.150	0.400	2.280	5.700
7/14/2010 14:45:35	41.843	350.000	0.430	350.780	250.150	0.390	2.300	5.897
7/14/2010 14:45:35	42.343	350.000	0.429	350.890	250.150	0.390	2.300	5.897
7/14/2010 14:45:36	42.843	350.000	0.433	349.630	250.150	0.400	2.240	5.600
7/14/2010 14:45:36	43.344	350.000	0.430	350.690	250.150	0.400	2.280	5.700
7/14/2010 14:45:37	43.843	350.000	0.434	349.410	250.150	0.400	2.240	5.600
7/14/2010 14:45:37	44.343	350.000	0.430	350.500	250.150	0.400	2.240	5.600
7/14/2010 14:45:38	44.843	350.000	0.430	350.580	250.150	0.400	2.280	5.700
7/14/2010 14:45:38	45.344	350.000	0.430	350.690	250.150	0.400	2.280	5.700
7/14/2010 14:45:39	45.843	350.000	0.433	349.490	250.150	0.400	2.240	5.600
7/14/2010 14:45:39	46.343	350.000	0.430	350.620	250.150	0.400	2.240	5.600
7/14/2010 14:45:40	46.843	350.000	0.434	349.380	250.150	0.380	2.240	5.895
7/14/2010 14:45:40	47.344	350.000	0.430	350.430	250.150	0.420	2.280	5.429
7/14/2010 14:45:41	47.843	350.000	0.430	350.490	250.150	0.390	2.280	5.846
7/14/2010 14:45:41	48.343	350.000	0.430	350.540	250.150	0.390	2.280	5.846
7/14/2010 14:45:42	48.843	350.000	0.434	349.360	250.150	0.400	2.240	5.600
7/14/2010 14:45:42	49.344	350.000	0.430	350.430	250.150	0.380	2.280	6.000
7/14/2010 14:45:43	49.843	350.000	0.430	350.540	250.150	0.380	2.280	6.000
7/14/2010 14:45:43	50.343	350.000	0.434	349.290	250.150	0.380	2.240	5.895
7/14/2010 14:45:44	50.843	350.000	0.430	350.500	250.150	0.400	2.280	5.700
7/14/2010 14:45:44	51.344	350.000	0.434	349.240	250.150	0.380	2.240	5.895
7/14/2010 14:45:45	51.843	350.000	0.430	350.300	250.150	0.380	2.240	5.895
7/14/2010 14:45:45	52.343	350.000	0.430	350.350	250.150	0.390	2.280	5.846
7/14/2010 14:45:46	52.843	350.000	0.430	350.490	250.150	0.390	2.280	5.846
7/14/2010 14:45:46	53.344	350.000	0.434	349.300	250.150	0.390	2.240	5.744
7/14/2010 14:45:47	53.843	350.000	0.430	350.390	250.150	0.400	2.280	5.700
7/14/2010 14:45:47	54.343	350.000	0.430	350.420	250.150	0.400	2.280	5.700
7/14/2010 14:45:48	54.843	350.000	0.430	350.490	250.150	0.390	2.300	5.897
7/14/2010 14:45:48	55.344	350.000	0.433	349.350	250.150	0.400	2.240	5.600
7/14/2010 14:45:49	55.843	350.000	0.430	350.520	250.150	0.390	2.280	5.846
7/14/2010 14:45:49	56.343	350.000	0.434	349.180	250.150	0.390	2.280	5.846
7/14/2010 14:45:50	56.843	350.000	0.430	350.370	250.150	0.410	2.300	5.610
7/14/2010 14:45:50	57.344	350.000	0.430	350.440	250.150	0.390	2.280	5.846
7/14/2010 14:45:51	57.843	350.000	0.434	349.280	250.150	0.380	2.240	5.895
7/14/2010 14:45:51	58.343	350.000	0.430	350.410	250.150	0.380	2.240	5.895
7/14/2010 14:45:52	58.843	350.000	0.434	349.250	250.150	0.380	2.240	5.895
7/14/2010 14:45:52	59.344	350.000	0.430	350.310	250.150	0.400	2.280	5.700
7/14/2010 14:45:53	59.843	350.000	0.430	350.350	250.150	0.400	2.280	5.700
7/14/2010 14:45:53	60.343	350.686	0.432	350.440	250.150	0.410	2.280	5.561
7/14/2010 14:45:54	60.843	351.686	0.435	350.580	250.150	0.420	2.280	5.429
7/14/2010 14:45:54	61.343	352.686	0.438	350.730	250.150	0.400	2.280	5.700
7/14/2010 14:45:55	61.843	353.686	0.441	350.780	250.150	0.400	2.280	5.700
7/14/2010 14:45:55	62.343	354.686	0.436	353.670	250.150	0.420	2.410	5.738
7/14/2010 14:45:56	62.843	355.686	0.447	351.520	250.150	0.410	2.280	5.561
7/14/2010 14:45:56	63.343	356.686	0.441	354.350	250.150	0.410	2.390	5.829
7/14/2010 14:45:57	63.843	357.686	0.443	355.020	250.150	0.410	2.390	5.829
7/14/2010 14:45:57	64.343	358.686	0.445	355.670	250.150	0.400	2.410	6.025
7/14/2010 14:45:58	64.843	359.686	0.446	356.350	250.150	0.420	2.410	5.738
7/14/2010 14:45:58	65.343	360.686	0.449	356.930	250.150	0.400	2.410	6.025
7/14/2010 14:45:59	65.843	361.686	0.451	357.410	250.150	0.400	2.410	6.025
7/14/2010 14:45:59	66.343	362.686	0.449	359.480	250.150	0.420	2.450	5.833
7/14/2010 14:46:00	66.844	363.688	0.455	358.970	250.150	0.410	2.410	5.878
7/14/2010 14:46:00	67.343	364.686	0.453	360.850	250.150	0.420	2.450	5.833
7/14/2010 14:46:01	67.843	365.686	0.454	361.680	250.150	0.420	2.450	5.833
7/14/2010 14:46:01	68.343	366.686	0.456	362.410	250.150	0.450	2.480	5.511
7/14/2010 14:46:02	68.844	367.688	0.458	363.230	250.150	0.440	2.480	5.636
7/14/2010 14:46:02	69.343	368.686	0.459	364.050	250.150	0.410	2.480	6.049
7/14/2010 14:46:03	69.843	369.686	0.462	364.580	250.150	0.410	2.480	6.049
7/14/2010 14:46:03	70.343	370.686	0.460	366.620	250.150	0.410	2.500	6.098
7/14/2010 14:46:04	70.844	371.688	0.466	366.290	250.150	0.430	2.500	5.814
7/14/2010 14:46:04	71.343	372.686	0.464	368.160	250.150	0.440	2.540	5.773
7/14/2010 14:46:05	71.843	373.686	0.465	369.210	250.150	0.440	2.540	5.773
7/14/2010 14:46:05	72.343	374.686	0.466	370.120	250.150	0.440	2.560	5.818
7/14/2010 14:46:06	72.844	375.688	0.468	370.910	250.150	0.450	2.560	5.689
7/14/2010 14:46:06	73.343	376.686	0.470	371.800	250.150	0.450	2.560	5.689
7/14/2010 14:46:07	73.843	377.686	0.471	372.610	250.150	0.440	2.580	5.864
7/14/2010 14:46:07	74.343	378.686	0.468	374.910	250.150	0.430	2.650	6.163
7/14/2010 14:46:08	74.844	379.688	0.474	374.520	250.150	0.430	2.630	6.116
7/14/2010 14:46:08	75.343	380.686	0.470	376.990	250.150	0.440	2.710	6.159
7/14/2010 14:46:09	75.843	381.686	0.471	378.240	250.150	0.440	2.710	6.159
7/14/2010 14:46:09	76.343	382.686	0.471	379.420	250.150	0.420	2.730	6.500
7/14/2010 14:46:10	76.844	383.688	0.471	380.680	250.150	0.460	2.730	5.935
7/14/2010 14:46:10	77.343	384.686	0.471	381.970	250.150	0.450	2.730	6.067
7/14/2010 14:46:11	77.843	385.686	0.471	383.160	250.150	0.450	2.730	6.067
7/14/2010 14:46:11	78.343	386.686	0.471	384.350	250.150	0.450	2.750	6.111
7/14/2010 14:46:12	78.844	387.688	0.471	385.450	250.150	0.450	2.750	6.111
7/14/2010 14:46:12	79.343	388.686	0.472	386.520	250.150	0.470	2.750	5.851
7/14/2010 14:46:13	79.843	389.686	0.472	387.530	250.150	0.470	2.750	5.851
7/14/2010 14:46:13	80.343	390.686	0.472	388.630	250.150	0.440	2.750	6.250
7/14/2010 14:46:14	80.844	391.688	0.473	389.580	250.150	0.430	2.750	6.395
7/14/2010 14:46:14	81.343	392.686	0.474	390.470	250.150	0.450	2.750	6.111
7/14/2010 14:46:15	81.843	393.686	0.474	391.520	250.150	0.450	2.750	6.111
7/14/2010 14:46:15	82.343	394.686	0.475	392.410	250.150	0.450	2.780	6.178
7/14/2010 14:46:16	82.844	395.688	0.477	393.040	250.150	0.430	2.750	6.395
7/14/2010 14:46:16	83.343	396.686	0.478	393.770	250.150	0.440	2.690	6.114
7/14/2010 14:46:17	83.843	397.686	0.480	394.520	250.150	0.440	2.690	6.114
7/14/2010 14:46:17	84.343	398.686	0.482	395.010	250.150	0.450	2.690	5.978
7/14/2010 14:46:18	84.844	399.688	0.481	396.690	250.150	0.440	2.750	6.250
7/14/2010 14:46:18	85.343	400.686	0.482	397.570	250.150	0.450	2.780	6.178
7/14/2010 14:46:19	85.843	401.686	0.484	398.360	250.150	0.450	2.780	6.178
7/14/2010 14:46:19	86.343	402.686	0.485	399.280	250.150	0.440	2.780	6.318
7/14/2010 14:46:20	86.844	403.688	0.487	399.960	250.150	0.420	2.780	6.619
7/14/2010 14:46:20	87.343	404.686	0.488	400.820	250.150	0.450	2.780	6.178
7/14/2010 14:46:21	87.843	405.686	0.490	401.450	250.150	0.470	2.780	5.915
7/14/2010 14:46:21	88.343	406.686	0.483	404.940	250.150	0.450	2.880	6.400
7/14/2010 14:46:22	88.843	407.686	0.492	403.540	250.150	0.450	2.880	6.400
7/14/2010 14:46:22	89.343	408.686	0.484	406.920	250.150	0.450	2.880	6.400
7/14/2010 14:46:23	89.843	409.686	0.493	405.550	250.150	0.450	2.800	6.222
7/14/2010 14:46:23	90.344	410.688	0.486	408.930	250.150	0.450	2.930	6.511
7/14/2010 14:46:24	90.843	411.686	0.495	407.400	250.150	0.450	2.800	6.222
7/14/2010 14:46:24	91.343	412.686	0.488	410.820	250.150	0.490	2.930	5.980
7/14/2010 14:46:25	91.843	413.686	0.496	409.610	250.150	0.450	2.820	6.267
7/14/2010 14:46:25	92.343	414.686	0.489	413.020	250.150	0.460	2.950	6.413
7/14/2010 14:46:26	92.843	415.686	0.498	411.490	250.150	0.460	2.950	6.413
7/14/2010 14:46:26	93.343	416.686	0.490	414.990	250.150	0.450	2.950	6.556
7/14/2010 14:46:27	93.843	417.686	0.491	416.010	250.150	0.470	2.950	6.277
7/14/2010 14:46:27	94.343	418.686	0.490	417.380	250.150	0.470	2.950	6.277
7/14/2010 14:46:28	94.843	419.686	0.491	418.340	250.150	0.470	2.970	6.319
7/14/2010 14:46:28	95.343	420.686	0.491	419.340	250.150	0.470	2.970	6.319
7/14/2010 14:46:29	95.843	421.686	0.490	420.640	250.150	0.450	2.970	6.600
7/14/2010 14:46:29	96.344	422.688	0.491	421.700	250.150	0.490	2.990	6.102
7/14/2010 14:46:30	96.843	423.686	0.491	422.750	250.150	0.450	2.970	6.600
7/14/2010 14:46:30	97.343	424.686	0.491	423.720	250.150	0.450	2.970	6.600
7/14/2010 14:46:31	97.843	425.686	0.492	424.600	250.150	0.460	2.990	6.500
7/14/2010 14:46:31	98.344	426.688	0.492	425.410	250.150	0.480	2.990	6.229
7/14/2010 14:46:32	98.843	427.686	0.493	426.380	250.150	0.450	2.990	6.644
7/14/2010 14:46:32	99.343	428.686	0.494	427.150	250.150	0.450	2.990	6.644
7/14/2010 14:46:33	99.843	429.686	0.495	427.870	250.150	0.480	2.990	6.229
7/14/2010 14:46:33	100.344	430.688	0.496	428.830	250.150	0.480	2.990	6.229
7/14/2010 14:46:34	100.843	431.686	0.497	429.480	250.150	0.460	3.010	6.543
7/14/2010 14:46:34	101.343	432.686	0.499	430.000	250.150	0.460	3.010	6.543
7/14/2010 14:46:35	101.843	433.686	0.501	430.800	250.150	0.460	3.010	6.543
7/14/2010 14:46:35	102.344	434.688	0.498	432.930	250.150	0.470	3.080	6.553
7/14/2010 14:46:36	102.843	435.686	0.504	432.340	250.150	0.460	3.010	6.543
7/14/2010 14:46:36	103.343	436.686	0.500	434.450	250.150	0.460	3.010	6.543
7/14/2010 14:46:37	103.843	437.686	0.502	435.320	250.150	0.470	3.080	6.553
7/14/2010 14:46:37	104.344	438.688	0.502	436.300	250.150	0.480	3.100	6.458
7/14/2010 14:46:38	104.843	439.686	0.503	437.140	250.150	0.480	3.100	6.458
7/14/2010 14:46:38	105.343	440.686	0.504	437.990	250.150	0.480	3.100	6.458
7/14/2010 14:46:39	105.843	441.686	0.506	438.830	250.150	0.510	3.100	6.078
7/14/2010 14:46:39	106.344	442.688	0.507	439.580	250.150	0.460	3.100	6.739
7/14/2010 14:46:40	106.843	443.686	0.509	440.250	250.150	0.460	3.100	6.739
7/14/2010 14:46:40	107.343	444.686	0.511	441.020	250.150	0.460	3.100	6.739
7/14/2010 14:46:41	107.843	445.686	0.509	442.890	250.150	0.490	3.160	6.449
7/14/2010 14:46:41	108.344	446.688	0.513	442.810	250.150	0.470	3.100	6.596
7/14/2010 14:46:42	108.843	447.686	0.511	444.680	250.150	0.460	3.180	6.913
7/14/2010 14:46:42	109.343	448.686	0.512	445.590	250.150	0.460	3.180	6.913
7/14/2010 14:46:43	109.843	449.686	0.513	446.570	250.150	0.460	3.180	6.913
7/14/2010 14:46:43	110.344	450.688	0.514	447.450	250.150	0.470	3.180	6.766
7/14/2010 14:46:44	110.843	451.686	0.515	448.290	250.150	0.480	3.180	6.625
7/14/2010 14:46:44	111.343	452.686	0.516	449.220	250.150	0.480	3.180	6.625
7/14/2010 14:46:45	111.843	453.686	0.518	449.860	250.150	0.480	3.180	6.625
7/14/2010 14:46:45	112.344	454.688	0.520	450.700	250.150	0.490	3.180	6.490
7/14/2010 14:46:46	112.843	455.686	0.522	451.410	250.150	0.480	3.210	6.687
7/14/2010 14:46:46	113.343	456.686	0.519	453.420	250.150	0.480	3.210	6.687
7/14/2010 14:46:47	113.843	457.686	0.525	453.020	250.150	0.460	3.210	6.978
7/14/2010 14:46:47	114.344	458.688	0.523	454.950	250.150	0.500	3.270	6.540
7/14/2010 14:46:48	114.843	459.686	0.524	455.940	250.150	0.480	3.270	6.812
7/14/2010 14:46:48	115.343	460.686	0.525	456.910	250.150	0.480	3.270	6.812
7/14/2010 14:46:49	115.843	461.686	0.527	457.680	250.150	0.510	3.270	6.412
7/14/2010 14:46:49	116.343	462.686	0.528	458.560	250.150	0.510	3.290	6.451
7/14/2010 14:46:50	116.843	463.686	0.530	459.420	250.150	0.490	3.290	6.714
7/14/2010 14:46:50	117.343	464.686	0.531	460.410	250.150	0.490	3.290	6.714
7/14/2010 14:46:51	117.843	465.686	0.524	463.730	250.150	0.510	3.400	6.667
7/14/2010 14:46:51	118.343	466.686	0.532	462.550	250.150	0.500	3.290	6.580
7/14/2010 14:46:52	118.843	467.686	0.526	465.780	250.150	0.490	3.400	6.939
7/14/2010 14:46:52	119.343	468.686	0.534	464.540	250.150	0.490	3.400	6.939
7/14/2010 14:46:53	119.843	469.686	0.527	467.850	250.150	0.510	3.420	6.706
7/14/2010 14:46:53	120.343	470.686	0.536	466.350	250.150	0.490	3.330	6.796
7/14/2010 14:46:54	120.843	471.686	0.529	469.690	250.150	0.550	3.420	6.218
7/14/2010 14:46:54	121.343	472.686	0.538	468.230	250.150	0.490	3.330	6.796
7/14/2010 14:46:55	121.843	473.686	0.532	471.170	250.150	0.490	3.330	6.796
7/14/2010 14:46:55	122.343	474.686	0.532	472.370	250.150	0.500	3.460	6.920
7/14/2010 14:46:56	122.843	475.686	0.532	473.560	250.150	0.530	3.490	6.585
7/14/2010 14:46:56	123.343	476.686	0.533	474.620	250.150	0.520	3.490	6.712
7/14/2010 14:46:57	123.843	477.686	0.533	475.620	250.150	0.520	3.490	6.712
7/14/2010 14:46:57	124.343	478.686	0.534	476.670	250.150	0.510	3.490	6.843
7/14/2010 14:46:58	124.843	479.686	0.534	477.760	250.150	0.520	3.490	6.712
7/14/2010 14:46:58	125.343	480.686	0.534	478.770	250.150	0.490	3.510	7.163
7/14/2010 14:46:59	125.843	481.686	0.535	479.590	250.150	0.490	3.510	7.163
7/14/2010 14:46:59	126.343	482.686	0.536	480.610	250.150	0.520	3.510	6.750
7/14/2010 14:47:00	126.843	483.686	0.537	481.410	250.150	0.500	3.510	7.020
7/14/2010 14:47:00	127.343	484.686	0.538	482.390	250.150	0.490	3.490	7.122
7/14/2010 14:47:01	127.843	485.686	0.539	483.250	250.150	0.490	3.490	7.122
7/14/2010 14:47:01	128.343	486.686	0.540	483.910	250.150	0.510	3.510	6.882
7/14/2010 14:47:02	128.843	487.686	0.538	485.970	250.150	0.500	3.570	7.140
7/14/2010 14:47:02	129.343	488.686	0.542	485.670	250.150	0.500	3.570	7.140
7/14/2010 14:47:03	129.844	489.688	0.540	487.480	250.150	0.510	3.570	7.000
7/14/2010 14:47:03	130.343	490.686	0.541	488.550	250.150	0.530	3.570	6.736
7/14/2010 14:47:04	130.843	491.686	0.544	488.770	250.150	0.520	3.700	7.115
7/14/2010 14:47:04	131.343	492.686	0.544	489.940	250.150	0.510	3.720	7.294
7/14/2010 14:47:05	131.843	493.686	0.544	491.260	250.150	0.510	3.720	7.294
7/14/2010 14:47:05	132.343	494.686	0.543	492.510	250.150	0.530	3.720	7.019
7/14/2010 14:47:06	132.843	495.686	0.542	494.050	250.150	0.510	3.720	7.294
7/14/2010 14:47:06	133.343	496.686	0.542	495.390	250.150	0.480	3.720	7.750
7/14/2010 14:47:07	133.843	497.686	0.542	496.450	250.150	0.500	3.720	7.440
7/14/2010 14:47:07	134.343	498.686	0.541	497.690	250.150	0.500	3.720	7.440
7/14/2010 14:47:08	134.843	499.686	0.542	498.530	250.150	0.490	3.720	7.592
7/14/2010 14:47:08	135.343	500.686	0.541	499.960	250.150	0.520	3.700	7.115
7/14/2010 14:47:09	135.843	501.686	0.542	500.580	250.150	0.520	3.700	7.115
7/14/2010 14:47:09	136.343	502.686	0.542	501.750	250.150	0.520	3.700	7.115
7/14/2010 14:47:10	136.843	503.686	0.543	502.420	250.150	0.490	3.700	7.551
7/14/2010 14:47:10	137.343	504.686	0.544	503.220	250.150	0.520	3.700	7.115
7/14/2010 14:47:11	137.843	505.686	0.545	504.170	250.150	0.520	3.700	7.115
7/14/2010 14:47:11	138.343	506.686	0.547	504.770	250.150	0.520	3.700	7.115
7/14/2010 14:47:12	138.843	507.686	0.548	505.400	250.150	0.500	3.700	7.400
7/14/2010 14:47:12	139.343	508.686	0.549	506.270	250.150	0.510	3.700	7.255
7/14/2010 14:47:13	139.843	509.686	0.551	506.790	250.150	0.510	3.680	7.216
7/14/2010 14:47:13	140.343	510.686	0.549	508.630	250.150	0.510	3.680	7.216
7/14/2010 14:47:14	140.843	511.686	0.555	508.060	250.150	0.520	3.680	7.077
7/14/2010 14:47:14	141.343	512.686	0.553	509.750	250.150	0.530	3.700	6.981
7/14/2010 14:47:15	141.843	513.686	0.555	510.450	250.150	0.550	3.720	6.764
7/14/2010 14:47:15	142.343	514.686	0.557	511.290	250.150	0.550	3.720	6.764
7/14/2010 14:47:16	142.843	515.686	0.559	511.850	250.150	0.520	3.720	7.154
7/14/2010 14:47:16	143.343	516.686	0.561	512.370	250.150	0.510	3.720	7.294
7/14/2010 14:47:17	143.843	517.686	0.560	514.080	250.150	0.510	3.740	7.333
7/14/2010 14:47:17	144.343	518.686	0.566	513.620	250.150	0.510	3.740	7.333
7/14/2010 14:47:18	144.843	519.686	0.564	515.400	250.150	0.550	3.740	6.800
7/14/2010 14:47:18	145.344	520.688	0.567	515.870	250.150	0.520	3.740	7.192
7/14/2010 14:47:19	145.843	521.686	0.569	516.650	250.150	0.530	3.740	7.057
7/14/2010 14:47:19	146.343	522.686	0.572	517.230	250.150	0.530	3.740	7.057
7/14/2010 14:47:20	146.843	523.686	0.567	520.130	250.150	0.530	3.790	7.151
7/14/2010 14:47:20	147.344	524.688	0.576	518.760	250.150	0.530	3.740	7.057
7/14/2010 14:47:21	147.843	525.686	0.571	521.520	250.150	0.550	3.810	6.927
7/14/2010 14:47:21	148.343	526.686	0.573	522.400	250.150	0.550	3.810	6.927
7/14/2010 14:47:22	148.843	527.686	0.574	523.170	250.150	0.550	3.790	6.891
7/14/2010 14:47:22	149.344	528.688	0.576	524.010	250.150	0.560	3.810	6.804
7/14/2010 14:47:23	149.843	529.686	0.577	524.930	250.150	0.550	3.810	6.927
7/14/2010 14:47:23	150.343	530.686	0.580	525.560	250.150	0.550	3.810	6.927
7/14/2010 14:47:24	150.843	531.686	0.583	525.980	250.150	0.530	3.790	7.151
7/14/2010 14:47:24	151.344	532.688	0.581	528.060	250.150	0.550	3.810	6.927
7/14/2010 14:47:25	151.843	533.686	0.583	528.770	250.150	0.560	3.790	6.768
7/14/2010 14:47:25	152.343	534.686	0.585	529.400	250.150	0.560	3.790	6.768
7/14/2010 14:47:26	152.843	535.686	0.588	530.080	250.150	0.550	3.810	6.927
7/14/2010 14:47:26	153.344	536.688	0.590	530.910	250.150	0.550	3.810	6.927
7/14/2010 14:47:27	153.843	537.686	0.593	531.280	250.150	0.550	3.810	6.927
7/14/2010 14:47:27	154.343	538.686	0.592	533.090	250.150	0.550	3.850	7.000
7/14/2010 14:47:28	154.843	539.686	0.595	533.700	250.150	0.530	3.830	7.226
7/14/2010 14:47:28	155.344	540.688	0.597	534.490	250.150	0.550	3.850	7.000
7/14/2010 14:47:29	155.843	541.686	0.599	535.250	250.150	0.550	3.850	7.000
7/14/2010 14:47:29	156.343	542.686	0.602	535.870	250.150	0.570	3.830	6.719
7/14/2010 14:47:30	156.843	543.686	0.601	537.590	250.150	0.580	3.850	6.638
7/14/2010 14:47:30	157.343	544.686	0.604	538.280	250.150	0.570	3.830	6.719
7/14/2010 14:47:31	157.843	545.686	0.606	539.030	250.150	0.570	3.830	6.719
7/14/2010 14:47:31	158.343	546.686	0.609	539.810	250.150	0.570	3.850	6.754
7/14/2010 14:47:32	158.843	547.686	0.612	540.460	250.150	0.560	3.850	6.875
7/14/2010 14:47:32	159.343	548.686	0.611	542.140	250.150	0.580	3.870	6.672
7/14/2010 14:47:33	159.843	549.686	0.614	542.820	250.150	0.580	3.870	6.672
7/14/2010 14:47:33	160.343	550.686	0.616	543.710	250.150	0.600	3.870	6.450
7/14/2010 14:47:34	160.843	551.686	0.619	544.390	250.150	0.580	3.870	6.672
7/14/2010 14:47:34	161.343	552.686	0.621	545.110	250.150	0.580	3.870	6.672
7/14/2010 14:47:35	161.843	553.686	0.618	547.660	250.150	0.610	3.910	6.410
7/14/2010 14:47:35	162.343	554.686	0.628	546.270	250.150	0.570	3.870	6.789
7/14/2010 14:47:36	162.843	555.686	0.624	549.060	250.150	0.580	3.910	6.741
7/14/2010 14:47:36	163.343	556.686	0.626	549.960	250.150	0.570	3.910	6.860
7/14/2010 14:47:37	163.843	557.686	0.628	550.800	250.150	0.570	3.910	6.860
7/14/2010 14:47:37	164.343	558.686	0.631	551.480	250.150	0.600	3.910	6.517
7/14/2010 14:47:38	164.844	559.688	0.629	553.450	250.150	0.620	3.940	6.355
7/14/2010 14:47:38	165.343	560.686	0.636	553.060	250.150	0.580	3.890	6.707
7/14/2010 14:47:39	165.843	561.686	0.634	555.070	250.150	0.580	3.890	6.707
7/14/2010 14:47:39	166.343	562.686	0.637	555.740	250.150	0.610	3.940	6.459
7/14/2010 14:47:40	166.844	563.688	0.640	556.420	250.150	0.610	3.910	6.410
7/14/2010 14:47:40	167.343	564.686	0.643	557.060	250.150	0.600	3.910	6.517
7/14/2010 14:47:41	167.843	565.686	0.643	558.610	250.150	0.600	3.910	6.517
7/14/2010 14:47:41	168.343	566.686	0.646	559.290	250.150	0.610	3.910	6.410
7/14/2010 14:47:42	168.844	567.688	0.648	560.060	250.150	0.620	3.940	6.355
7/14/2010 14:47:42	169.343	568.686	0.652	560.480	250.150	0.610	3.910	6.410
7/14/2010 14:47:43	169.843	569.686	0.651	562.460	250.150	0.610	3.910	6.410
7/14/2010 14:47:43	170.343	570.686	0.653	563.250	250.150	0.610	3.940	6.459
7/14/2010 14:47:44	170.844	571.688	0.656	564.030	250.150	0.640	3.910	6.109
7/14/2010 14:47:44	171.343	572.686	0.659	564.530	250.150	0.620	3.910	6.306
7/14/2010 14:47:45	171.843	573.686	0.663	565.130	250.150	0.620	3.910	6.306
7/14/2010 14:47:45	172.343	574.686	0.660	567.670	250.150	0.640	3.960	6.187
7/14/2010 14:47:46	172.844	575.688	0.669	566.370	250.150	0.640	3.940	6.156
7/14/2010 14:47:46	173.343	576.686	0.665	569.190	250.150	0.620	3.960	6.387
7/14/2010 14:47:47	173.843	577.686	0.667	570.170	250.150	0.620	3.960	6.387
7/14/2010 14:47:47	174.343	578.686	0.671	570.620	250.150	0.640	3.960	6.187
7/14/2010 14:47:48	174.844	579.688	0.670	572.550	250.150	0.670	3.960	5.910
7/14/2010 14:47:48	175.343	580.686	0.676	572.260	250.150	0.670	3.960	5.910
7/14/2010 14:47:49	175.843	581.686	0.676	573.930	250.150	0.630	3.980	6.317
7/14/2010 14:47:49	176.343	582.686	0.678	574.790	250.150	0.650	3.980	6.123
7/14/2010 14:47:50	176.844	583.688	0.682	575.290	250.150	0.630	3.960	6.286
7/14/2010 14:47:50	177.343	584.686	0.681	577.060	250.150	0.680	3.980	5.853
7/14/2010 14:47:51	177.843	585.686	0.685	577.570	250.150	0.680	3.980	5.853
7/14/2010 14:47:51	178.343	586.686	0.687	578.510	250.150	0.640	3.980	6.219
7/14/2010 14:47:52	178.844	587.688	0.691	578.900	250.150	0.660	3.980	6.030
7/14/2010 14:47:52	179.343	588.686	0.691	580.650	250.150	0.670	4.020	6.000
7/14/2010 14:47:53	179.843	589.686	0.694	581.210	250.150	0.670	4.020	6.000
7/14/2010 14:47:53	180.343	590.686	0.697	582.080	250.150	0.690	3.980	5.768
7/14/2010 14:47:54	180.844	591.688	0.701	582.590	250.150	0.650	3.980	6.123
7/14/2010 14:47:54	181.343	592.686	0.697	585.390	250.150	0.670	3.980	5.940
7/14/2010 14:47:55	181.843	593.686	0.707	583.970	250.150	0.670	3.980	5.940
7/14/2010 14:47:55	182.343	594.686	0.703	586.670	250.150	0.660	4.000	6.061
7/14/2010 14:47:56	182.844	595.688	0.707	587.360	250.150	0.660	4.000	6.061
7/14/2010 14:47:56	183.343	596.686	0.710	587.950	250.150	0.660	4.000	6.061
7/14/2010 14:47:57	183.843	597.686	0.710	589.710	250.150	0.660	4.000	6.061
7/14/2010 14:47:57	184.343	598.686	0.715	589.650	250.150	0.660	3.980	6.030
7/14/2010 14:47:58	184.844	599.688	0.716	591.150	250.150	0.660	4.000	6.061
7/14/2010 14:47:58	185.343	600.686	0.720	591.390	250.150	0.670	4.020	6.000
7/14/2010 14:47:59	185.843	601.686	0.719	593.380	250.150	0.670	4.020	6.000
7/14/2010 14:47:59	186.343	602.686	0.726	593.140	250.150	0.670	4.000	5.970
7/14/2010 14:48:00	186.844	603.688	0.728	594.190	250.150	0.670	4.000	5.970
7/14/2010 14:48:00	187.343	604.686	0.731	594.810	250.150	0.670	4.000	5.970
7/14/2010 14:48:01	187.843	605.686	0.731	596.800	250.150	0.670	4.000	5.970
7/14/2010 14:48:01	188.343	606.686	0.735	597.210	250.150	0.700	4.000	5.714
7/14/2010 14:48:02	188.844	607.688	0.738	598.050	250.150	0.690	4.000	5.797
7/14/2010 14:48:02	189.343	608.686	0.742	598.530	250.150	0.680	4.000	5.882
7/14/2010 14:48:03	189.843	609.686	0.742	600.180	250.150	0.680	4.000	5.882
7/14/2010 14:48:03	190.343	610.686	0.745	601.010	250.150	0.700	4.020	5.743
7/14/2010 14:48:04	190.844	611.688	0.750	601.320	250.150	0.720	4.020	5.583
7/14/2010 14:48:04	191.343	612.686	0.753	602.030	250.150	0.720	4.020	5.583
7/14/2010 14:48:05	191.843	613.686	0.751	604.560	250.150	0.730	4.020	5.507
7/14/2010 14:48:05	192.343	614.686	0.754	605.380	250.150	0.710	4.020	5.662
7/14/2010 14:48:06	192.843	615.686	0.756	606.310	250.150	0.740	4.020	5.432
7/14/2010 14:48:06	193.343	616.686	0.760	607.030	250.150	0.710	4.000	5.634
7/14/2010 14:48:07	193.843	617.686	0.764	607.590	250.150	0.710	4.000	5.634
7/14/2010 14:48:07	194.343	618.686	0.763	609.430	250.150	0.730	4.040	5.534
7/14/2010 14:48:08	194.843	619.686	0.767	610.090	250.150	0.710	4.040	5.690
7/14/2010 14:48:08	195.343	620.686	0.769	610.990	250.150	0.750	4.000	5.333
7/14/2010 14:48:09	195.843	621.686	0.774	611.320	250.150	0.750	4.000	5.333
7/14/2010 14:48:09	196.343	622.686	0.776	612.620	250.150	0.740	4.020	5.432
7/14/2010 14:48:10	196.843	623.686	0.779	613.370	250.150	0.760	4.020	5.289
7/14/2010 14:48:10	197.343	624.686	0.782	614.120	250.150	0.760	4.000	5.263
7/14/2010 14:48:11	197.843	625.686	0.783	615.810	250.150	0.760	4.000	5.263
7/14/2010 14:48:11	198.343	626.686	0.787	616.390	250.150	0.750	4.020	5.360
7/14/2010 14:48:12	198.843	627.686	0.791	616.850	250.150	0.720	4.020	5.583
7/14/2010 14:48:12	199.343	628.686	0.788	619.490	250.150	0.720	4.020	5.583
7/14/2010 14:48:13	199.843	629.686	0.798	618.330	250.150	0.720	4.020	5.583
7/14/2010 14:48:13	200.344	630.688	0.794	621.180	250.150	0.720	4.020	5.583
7/14/2010 14:48:14	200.843	631.686	0.798	621.770	250.150	0.740	4.020	5.432
7/14/2010 14:48:14	201.343	632.686	0.800	622.910	250.150	0.740	4.020	5.432
7/14/2010 14:48:15	201.843	633.686	0.800	624.640	250.150	0.810	4.040	4.988
7/14/2010 14:48:15	202.344	634.688	0.804	625.240	250.150	0.810	4.020	4.963
7/14/2010 14:48:16	202.843	635.686	0.807	626.060	250.150	0.750	4.040	5.387
7/14/2010 14:48:16	203.343	636.686	0.811	626.590	250.150	0.750	4.040	5.387
7/14/2010 14:48:17	203.843	637.686	0.811	628.190	250.150	0.750	4.040	5.387
7/14/2010 14:48:17	204.344	638.688	0.815	628.790	250.150	0.750	4.040	5.387
7/14/2010 14:48:18	204.843	639.686	0.818	629.730	250.150	0.800	4.020	5.025
7/14/2010 14:48:18	205.343	640.686	0.821	630.430	250.150	0.800	4.020	5.025
7/14/2010 14:48:19	205.843	641.686	0.821	632.100	250.150	0.780	4.040	5.179
7/14/2010 14:48:19	206.344	642.688	0.825	632.780	250.150	0.790	4.040	5.114
7/14/2010 14:48:20	206.843	643.686	0.829	633.410	250.150	0.790	4.040	5.114
7/14/2010 14:48:20	207.343	644.686	0.833	633.890	250.150	0.790	4.040	5.114
7/14/2010 14:48:21	207.843	645.686	0.834	635.370	250.150	0.800	4.070	5.088
7/14/2010 14:48:21	208.344	646.688	0.837	636.220	250.150	0.800	4.070	5.088
7/14/2010 14:48:22	208.843	647.686	0.841	636.720	250.150	0.790	4.040	5.114
7/14/2010 14:48:22	209.343	648.686	0.838	639.540	250.150	0.790	4.040	5.114
7/14/2010 14:48:23	209.843	649.686	0.848	638.250	250.150	0.770	4.020	5.221
7/14/2010 14:48:23	210.343	650.000	0.844	640.670	250.150	0.780	4.070	5.218
