0.000000	0.400000	0.010000	0.050000	33.848000
0.377000	0.400000	0.010000	0.050000	41.391000
0.876000	0.400000	0.010000	0.050000	53.825000
1.377000	0.400000	0.360000	3.460000	66.368000
1.877000	0.400000	0.370000	3.440000	78.414000
2.377000	0.400000	0.390000	3.420000	89.798000
2.877000	0.400000	0.390000	3.420000	100.910000
3.376000	0.400000	0.360000	3.400000	111.500000
3.877000	0.400000	0.400000	3.420000	121.510000
4.377000	0.400000	0.360000	3.490000	131.380000
4.877000	0.400000	0.360000	3.490000	141.600000
5.376000	0.400000	0.390000	3.640000	151.600000
5.877000	0.400000	0.390000	3.570000	160.940000
6.377000	0.400000	0.390000	3.570000	169.590000
6.876000	0.400000	0.360000	3.380000	177.290000
7.377000	0.400000	0.360000	3.360000	184.510000
7.877000	0.400000	0.370000	3.330000	191.280000
8.377000	0.400000	0.380000	3.290000	197.840000
8.877000	0.400000	0.380000	3.290000	203.780000
9.376000	0.400000	0.360000	3.230000	209.300000
9.877000	0.400000	0.370000	3.210000	214.370000
10.377000	0.400000	0.370000	3.210000	219.430000
10.876001	0.400000	0.370000	3.210000	224.040000
11.377001	0.400000	0.350000	3.180000	228.580000
11.877001	0.400000	0.380000	3.180000	232.740000
12.377001	0.400000	0.380000	3.140000	236.580000
12.877001	0.400000	0.380000	3.140000	240.180000
13.376001	0.400000	0.360000	3.100000	243.420000
13.877001	0.400000	0.370000	3.120000	246.720000
14.377001	0.400000	0.390000	3.120000	249.760000
14.877001	0.400000	0.390000	3.120000	252.730000
15.376001	0.400000	0.370000	3.120000	255.370000
15.877001	0.400000	0.380000	3.100000	258.070000
16.377001	0.400000	0.380000	3.100000	260.540000
16.876001	0.400000	0.380000	3.100000	262.840000
17.377001	0.400000	0.370000	3.080000	265.040000
17.877001	0.400000	0.370000	3.060000	267.030000
18.377001	0.400000	0.360000	3.080000	268.920000
18.877001	0.400000	0.360000	3.080000	270.690000
19.376001	0.400000	0.360000	3.080000	272.430000
19.877001	0.400000	0.380000	3.030000	274.100000
20.377001	0.400000	0.370000	3.080000	275.520000
20.876001	0.400000	0.370000	3.080000	277.100000
21.377001	0.400000	0.370000	3.060000	278.510000
21.877001	0.400000	0.360000	3.060000	279.860000
22.377001	0.400000	0.390000	3.060000	281.120000
22.876001	0.400000	0.390000	3.060000	282.320000
23.377001	0.400000	0.370000	3.030000	283.470000
23.877001	0.400000	0.350000	3.060000	284.550000
24.377001	0.400000	0.350000	3.060000	285.690000
24.876001	0.400000	0.370000	3.080000	286.880000
25.377001	0.400000	0.390000	3.080000	287.490000
25.877001	0.400000	0.360000	3.060000	288.610000
26.377001	0.400000	0.370000	3.060000	289.450000
26.876001	0.400000	0.370000	3.060000	290.370000
27.377001	0.400000	0.370000	3.080000	291.130000
27.877001	0.400000	0.340000	3.060000	291.960000
28.377001	0.400000	0.340000	3.060000	292.720000
28.876001	0.400000	0.380000	3.010000	292.960000
29.377001	0.400000	0.390000	2.990000	293.450000
29.877001	0.400000	0.370000	2.990000	293.820000
30.377001	0.400000	0.390000	2.990000	294.150000
30.876001	0.400000	0.390000	2.990000	294.660000
31.377001	0.400000	0.370000	3.010000	294.850000
31.877002	0.400000	0.380000	2.990000	295.230000
32.377002	0.400000	0.350000	3.010000	295.430000
32.876002	0.400000	0.350000	3.010000	295.730000
33.377002	0.400000	0.390000	3.010000	296.000000
33.877002	0.400000	0.360000	3.010000	296.380000
34.377002	0.400000	0.360000	3.010000	296.670000
34.876002	0.400000	0.370000	3.010000	296.770000
35.377002	0.400000	0.370000	2.990000	296.920000
35.877002	0.400000	0.390000	2.990000	297.250000
36.377002	0.400000	0.360000	3.010000	297.430000
36.876002	0.400000	0.360000	3.010000	297.660000
37.377002	0.400000	0.360000	3.010000	297.820000
37.876002	0.400000	0.360000	2.990000	298.100000
38.377002	0.400000	0.360000	2.990000	298.200000
38.876002	0.400000	0.360000	3.010000	298.450000
39.377002	0.400000	0.370000	3.010000	298.690000
39.877002	0.400000	0.380000	3.010000	298.710000
40.377002	0.400000	0.380000	3.010000	298.860000
40.876002	0.400000	0.360000	2.990000	299.060000
41.377002	0.400000	0.400000	2.990000	299.190000
41.877002	0.400000	0.370000	3.010000	299.170000
42.377002	0.400000	0.370000	3.010000	299.420000
42.876002	0.400000	0.410000	3.010000	299.460000
43.377002	0.400000	0.360000	3.010000	299.640000
43.877002	0.400000	0.380000	3.010000	299.640000
44.377002	0.400000	0.380000	3.010000	299.810000
44.876002	0.400000	0.360000	3.010000	299.890000
45.377002	0.400000	0.360000	2.990000	300.090000
45.877002	0.400000	0.370000	3.010000	300.050000
46.376002	0.400000	0.370000	3.010000	300.110000
46.877002	0.400000	0.350000	3.010000	300.280000
47.377002	0.400000	0.370000	2.990000	300.220000
47.877002	0.400000	0.380000	3.010000	300.420000
48.376002	0.400000	0.380000	3.010000	300.380000
48.877002	0.400000	0.380000	3.010000	300.500000
49.376002	0.400000	0.370000	3.010000	300.650000
49.877002	0.400000	0.360000	3.010000	300.670000
50.376002	0.400000	0.360000	3.010000	300.750000
50.877002	0.400000	0.360000	3.060000	300.870000
51.377002	0.400000	0.370000	3.010000	301.000000
51.877002	0.400000	0.380000	3.010000	300.920000
52.376002	0.400000	0.380000	3.010000	300.890000
52.877003	0.400000	0.400000	3.010000	300.910000
53.377003	0.400000	0.370000	3.010000	301.090000
53.877003	0.400000	0.380000	3.030000	301.090000
54.376003	0.400000	0.380000	3.030000	301.180000
54.877003	0.400000	0.380000	3.010000	301.330000
55.377003	0.400000	0.350000	3.010000	301.360000
55.877003	0.400000	0.350000	3.010000	301.490000
56.376003	0.400000	0.370000	3.010000	301.460000
56.877003	0.400000	0.400000	3.010000	301.580000
57.377003	0.400000	0.380000	3.010000	301.690000
57.877003	0.400000	0.380000	3.010000	301.620000
58.376003	0.400000	0.390000	3.010000	301.660000
58.877003	0.400000	0.390000	3.010000	301.790000
59.376003	0.400000	0.390000	3.010000	301.820000
59.877003	0.400000	0.390000	3.010000	301.790000
60.376003	0.400000	0.380000	3.010000	301.910000
60.877003	0.400000	0.370000	3.010000	301.900000
61.377003	0.400000	0.400000	3.010000	301.910000
61.877003	0.400000	0.400000	3.010000	301.970000
62.376003	0.400000	0.380000	3.010000	301.950000
62.877003	0.400000	0.360000	3.010000	302.090000
63.377003	0.400000	0.370000	3.010000	302.040000
63.877003	0.400000	0.370000	3.010000	302.060000
64.376003	0.400000	0.380000	3.010000	302.110000
64.877003	0.400000	0.390000	3.010000	302.230000
65.377003	0.400000	0.390000	3.010000	302.240000
65.876003	0.400000	0.370000	3.010000	302.140000
66.377003	0.400000	0.370000	3.010000	302.200000
66.877003	0.400000	0.390000	3.010000	302.330000
67.377003	0.400000	0.370000	3.010000	302.330000
67.877003	0.400000	0.370000	3.010000	302.430000
68.376003	0.400000	0.370000	3.010000	302.320000
68.877003	0.400000	0.380000	3.060000	302.550000
69.377003	0.400000	0.380000	3.060000	302.710000
69.876003	0.400000	0.360000	3.080000	303.060000
70.377003	0.400000	0.350000	3.060000	303.310000
70.877003	0.400000	0.370000	3.060000	303.390000
71.377003	0.400000	0.350000	3.060000	303.630000
71.876003	0.400000	0.350000	3.060000	303.730000
72.377003	0.400000	0.370000	3.060000	303.980000
72.877003	0.400000	0.360000	3.060000	304.110000
73.377003	0.400000	0.370000	3.080000	304.280000
73.876004	0.400000	0.370000	3.080000	304.250000
74.376004	0.400000	0.370000	3.060000	304.440000
74.877004	0.400000	0.370000	3.060000	304.740000
75.376004	0.400000	0.370000	3.060000	304.800000
75.876004	0.400000	0.380000	3.060000	304.770000
76.377004	0.400000	0.370000	3.060000	304.930000
76.877004	0.400000	0.400000	3.060000	305.150000
77.377004	0.400000	0.400000	3.060000	305.030000
77.876004	0.400000	0.340000	3.080000	305.050000
78.377004	0.400000	0.360000	3.080000	305.240000
78.877004	0.400000	0.400000	3.060000	305.390000
79.377004	0.400000	0.400000	3.060000	305.320000
79.876004	0.400000	0.380000	3.060000	305.390000
80.377004	0.400000	0.370000	3.060000	305.520000
80.877004	0.400000	0.360000	3.060000	305.630000
81.377004	0.400000	0.360000	3.060000	305.440000
81.877004	0.400000	0.360000	3.060000	305.570000
82.377004	0.400000	0.390000	3.060000	305.710000
82.877004	0.400000	0.390000	3.060000	305.620000
83.377004	0.400000	0.390000	3.060000	305.580000
83.877004	0.400000	0.350000	3.060000	305.690000
84.377004	0.400000	0.370000	3.060000	305.840000
84.877004	0.400000	0.370000	3.060000	305.830000
85.377004	0.400000	0.370000	3.060000	305.910000
85.877004	0.400000	0.380000	3.060000	305.930000
86.377004	0.400000	0.370000	3.060000	305.920000
86.877004	0.400000	0.370000	3.030000	306.050000
87.377004	0.400000	0.370000	3.030000	306.180000
87.877004	0.400000	0.380000	3.060000	306.040000
88.377004	0.400000	0.360000	3.060000	306.090000
88.877004	0.400000	0.380000	3.060000	306.190000
89.377004	0.400000	0.380000	3.060000	306.240000
89.877004	0.400000	0.370000	3.060000	306.250000
90.377004	0.400000	0.360000	3.060000	306.190000
90.877004	0.400000	0.360000	3.060000	306.160000
91.376004	0.400000	0.370000	3.060000	306.220000
91.877004	0.400000	0.330000	3.060000	306.380000
92.377004	0.400000	0.370000	3.060000	306.350000
92.877004	0.400000	0.370000	3.060000	306.380000
93.377004	0.400000	0.370000	3.060000	306.340000
93.877004	0.400000	0.370000	3.060000	306.290000
94.377004	0.400000	0.370000	3.030000	306.450000
94.877005	0.400000	0.390000	3.060000	306.360000
95.376005	0.400000	0.390000	3.060000	306.390000
95.877005	0.400000	0.390000	3.060000	306.340000
96.376005	0.400000	0.370000	3.060000	306.520000
96.877005	0.400000	0.380000	3.060000	306.380000
97.376005	0.400000	0.380000	3.060000	306.420000
97.877005	0.400000	0.380000	3.080000	306.460000
98.377005	0.400000	0.370000	3.010000	306.510000
98.877005	0.400000	0.380000	3.060000	306.490000
99.376005	0.400000	0.380000	3.060000	306.670000
99.877005	0.400000	0.380000	3.060000	306.530000
100.376005	0.400000	0.370000	3.060000	306.570000
100.877005	0.400000	0.400000	3.060000	306.370000
101.376005	0.400000	0.400000	3.060000	306.460000
101.877005	0.400000	0.370000	3.080000	306.660000
102.377005	0.400000	0.380000	3.060000	306.500000
102.877005	0.400000	0.380000	3.060000	306.540000
103.376005	0.400000	0.390000	3.060000	306.480000
103.877005	0.400000	0.360000	3.060000	306.650000
104.377005	0.400000	0.390000	3.060000	306.630000
104.877005	0.400000	0.400000	3.060000	306.620000
105.376005	0.400000	0.400000	3.060000	306.500000
105.877005	0.400000	0.420000	3.060000	306.650000
106.377005	0.400000	0.380000	3.060000	306.590000
106.877005	0.400000	0.380000	3.060000	306.710000
107.376005	0.400000	0.370000	3.060000	306.610000
107.877005	0.400000	0.370000	3.060000	306.540000
108.376005	0.400000	0.380000	3.060000	306.690000
108.877005	0.400000	0.410000	3.060000	306.570000
109.376005	0.400000	0.410000	3.060000	306.580000
109.877005	0.400000	0.370000	3.030000	306.550000
110.377005	0.400000	0.380000	3.060000	306.710000
110.877005	0.400000	0.370000	3.030000	306.620000
111.376005	0.400000	0.370000	3.030000	306.630000
111.877005	0.400000	0.360000	3.060000	306.470000
112.377005	0.400000	0.370000	3.060000	306.680000
112.877005	0.400000	0.370000	3.060000	306.600000
113.376005	0.400000	0.370000	3.060000	306.720000
113.877005	0.400000	0.360000	3.060000	306.610000
114.377005	0.400000	0.350000	3.060000	306.500000
114.877005	0.400000	0.360000	3.060000	306.640000
115.376005	0.400000	0.360000	3.060000	306.460000
115.877006	0.400000	0.380000	3.030000	306.440000
116.377006	0.400000	0.380000	3.030000	306.550000
116.876006	0.400000	0.380000	3.030000	306.530000
117.377006	0.400000	0.380000	3.060000	306.530000
117.877006	0.400000	0.360000	3.080000	306.700000
118.377006	0.400000	0.360000	3.060000	306.630000
118.877006	0.400000	0.390000	3.060000	306.540000
119.377006	0.400000	0.390000	3.060000	306.620000
119.876006	0.400000	0.390000	3.030000	306.610000
120.377006	1.000000	0.370000	3.060000	306.740000
120.877006	1.000000	0.980000	6.750000	407.910000
121.377006	1.000000	0.980000	6.750000	446.230000
121.876006	1.000000	0.970000	6.190000	480.410000
122.377006	1.000000	0.950000	6.190000	511.990000
122.877006	1.000000	0.950000	6.190000	541.450000
123.376006	1.000000	0.970000	6.060000	568.580000
123.877006	1.000000	0.970000	5.910000	592.280000
124.377006	1.000000	0.940000	5.800000	593.860000
124.877006	1.000000	0.940000	5.800000	598.480000
125.377006	1.000000	0.960000	5.700000	606.400000
125.877006	1.000000	0.960000	5.610000	611.980000
126.377006	1.000000	0.960000	5.550000	619.120000
126.876006	1.000000	0.960000	5.550000	620.490000
127.377006	1.000000	0.960000	5.400000	625.380000
127.877006	1.000000	0.970000	5.330000	629.760000
128.377006	1.000000	0.950000	5.310000	635.010000
128.876006	1.000000	0.950000	5.310000	639.390000
129.377006	1.000000	0.960000	5.250000	641.850000
129.877006	1.000000	0.970000	5.220000	643.450000
130.377006	1.000000	0.950000	5.220000	646.530000
130.876006	1.000000	0.950000	5.220000	647.120000
131.377006	1.000000	0.960000	5.180000	648.980000
131.877006	1.000000	0.970000	5.140000	649.750000
132.377006	1.000000	0.960000	5.180000	651.180000
132.876006	1.000000	0.960000	5.180000	652.160000
133.377006	1.000000	0.970000	5.140000	652.640000
133.877006	1.000000	0.960000	5.160000	653.360000
134.377006	1.000000	0.960000	5.160000	653.100000
134.876006	1.000000	0.960000	5.160000	654.550000
135.377006	1.000000	0.980000	5.160000	654.250000
135.877006	1.000000	0.980000	5.160000	654.940000
136.376006	1.000000	0.960000	5.160000	655.150000
136.877007	1.000000	0.960000	5.160000	655.030000
137.376007	1.000000	0.970000	5.160000	655.010000
137.877007	1.000000	0.950000	5.140000	654.770000
138.377007	1.000000	0.970000	5.140000	654.870000
138.877007	1.000000	0.970000	5.140000	655.260000
139.376007	1.000000	0.960000	5.140000	656.140000
139.877007	1.000000	0.970000	5.140000	655.700000
140.377007	1.000000	0.970000	5.200000	656.460000
140.877007	1.000000	0.970000	5.200000	656.900000
141.376007	1.000000	0.980000	5.180000	657.080000
141.877007	1.000000	0.970000	5.200000	657.250000
142.377007	1.000000	0.970000	5.180000	657.150000
142.877007	1.000000	0.970000	5.180000	657.380000
143.376007	1.000000	0.960000	5.180000	657.440000
143.877007	1.000000	0.960000	5.180000	657.550000
144.376007	1.000000	0.960000	5.180000	657.890000
144.877007	1.000000	0.960000	5.180000	657.930000
145.376007	1.000000	0.960000	5.160000	658.520000
145.877007	1.000000	0.950000	5.180000	658.640000
146.377007	1.000000	0.950000	5.180000	658.620000
146.876007	1.000000	0.950000	5.180000	658.540000
147.377007	1.000000	0.980000	5.180000	657.890000
147.877007	1.000000	0.950000	5.180000	657.880000
148.377007	1.000000	0.970000	5.180000	657.580000
148.877007	1.000000	0.970000	5.180000	658.060000
149.376007	1.000000	0.950000	5.180000	658.080000
149.877007	1.000000	0.970000	5.180000	657.840000
150.377007	1.000000	0.950000	5.180000	658.060000
150.877007	1.000000	0.950000	5.180000	658.340000
151.376007	1.000000	0.960000	5.180000	657.780000
151.877007	1.000000	0.940000	5.180000	658.080000
152.377007	1.000000	0.950000	5.180000	658.370000
152.877007	1.000000	0.950000	5.180000	657.990000
153.376007	1.000000	1.000000	5.180000	663.080000
153.877007	1.000000	0.960000	5.180000	667.640000
154.377007	1.000000	0.980000	5.180000	665.390000
154.877007	1.000000	0.980000	5.180000	670.640000
155.376007	1.000000	0.970000	5.180000	669.870000
155.877007	1.000000	0.980000	5.180000	667.910000
156.377007	1.000000	0.980000	5.180000	672.580000
156.876007	1.000000	0.960000	5.200000	673.690000
157.377007	1.000000	0.960000	5.160000	672.790000
157.877007	1.000000	0.970000	5.180000	676.650000
158.376008	1.000000	0.970000	5.180000	675.060000
158.877008	1.000000	0.970000	5.180000	671.820000
159.376008	1.000000	0.970000	5.180000	670.890000
159.877008	1.000000	0.950000	5.180000	669.430000
160.376008	1.000000	0.950000	5.180000	667.970000
160.877008	1.000000	0.950000	5.180000	667.020000
161.376008	1.000000	0.970000	5.180000	665.850000
161.877008	1.000000	0.980000	5.180000	664.310000
162.377008	1.000000	0.950000	5.200000	664.400000
162.877008	1.000000	0.950000	5.200000	663.590000
163.376008	1.000000	0.960000	5.200000	662.690000
163.877008	1.000000	0.980000	5.200000	661.930000
164.376008	1.000000	0.980000	5.200000	661.660000
164.877008	1.000000	0.950000	5.200000	660.880000
165.377008	1.000000	0.970000	5.200000	660.900000
165.877008	1.000000	0.960000	5.200000	660.650000
166.377008	1.000000	0.960000	5.200000	660.290000
166.876008	1.000000	0.960000	5.200000	659.610000
167.377008	1.000000	0.950000	5.200000	659.490000
167.877008	1.000000	0.970000	5.180000	659.680000
168.377008	1.000000	0.980000	5.180000	660.130000
168.877008	1.000000	0.980000	5.180000	659.920000
169.376008	1.000000	0.970000	5.250000	659.530000
169.877008	1.000000	0.960000	5.200000	659.140000
170.377008	1.000000	0.950000	5.200000	659.950000
170.877008	1.000000	0.950000	5.200000	659.090000
171.376008	1.000000	0.980000	5.200000	659.050000
171.877008	1.000000	0.960000	5.200000	658.700000
172.377008	1.000000	0.960000	5.200000	658.620000
172.876008	1.000000	0.960000	5.200000	658.670000
173.377008	1.000000	0.960000	5.200000	659.160000
173.876008	1.000000	0.960000	5.200000	659.160000
174.377008	1.000000	0.970000	5.200000	658.590000
174.877008	1.000000	0.970000	5.200000	658.120000
175.376008	1.000000	0.960000	5.200000	658.790000
175.877008	1.000000	0.950000	5.200000	657.070000
176.377008	1.000000	1.000000	5.220000	654.340000
176.877008	1.000000	1.000000	5.220000	659.740000
177.376008	1.000000	0.960000	5.200000	658.500000
177.877008	1.000000	0.970000	5.200000	657.890000
178.377008	1.000000	0.970000	5.180000	658.860000
178.877008	1.000000	0.970000	5.180000	658.610000
179.376009	1.000000	0.970000	5.180000	658.380000
179.877009	1.000000	0.980000	5.200000	653.830000
180.377009	1.000000	0.980000	5.200000	660.100000
180.876009	1.000000	0.980000	5.220000	659.510000
181.377009	1.000000	0.970000	5.200000	659.870000
181.877009	1.000000	0.970000	5.200000	659.840000
182.376009	1.000000	0.970000	5.200000	659.600000
182.877009	1.000000	0.970000	5.180000	659.280000
183.377009	1.000000	0.970000	5.200000	659.490000
183.877009	1.000000	0.980000	5.200000	660.200000
184.377009	1.000000	0.960000	5.220000	660.860000
184.877009	1.000000	0.960000	5.220000	660.150000
185.376009	1.000000	0.960000	5.220000	660.920000
185.877009	1.000000	0.950000	5.200000	660.130000
186.377009	1.000000	0.950000	5.200000	659.420000
186.876009	1.000000	0.950000	5.200000	659.940000
187.377009	1.000000	0.960000	5.200000	659.370000
187.877009	1.000000	0.970000	5.200000	660.100000
188.377009	1.000000	0.970000	5.200000	659.750000
188.876009	1.000000	0.980000	5.200000	659.550000
189.377009	1.000000	0.960000	5.200000	659.860000
189.877009	1.000000	0.960000	5.200000	659.880000
190.376009	1.000000	0.970000	5.200000	660.520000
190.877009	1.000000	0.970000	5.200000	660.410000
191.376009	1.000000	0.990000	5.200000	660.350000
191.877009	1.000000	0.970000	5.200000	660.000000
192.377009	1.000000	0.970000	5.200000	660.580000
192.876009	1.000000	0.970000	5.200000	659.740000
193.377009	1.000000	0.950000	5.200000	660.390000
193.877009	1.000000	0.980000	5.200000	660.200000
194.377009	1.000000	0.960000	5.200000	659.730000
194.877009	1.000000	0.960000	5.200000	659.790000
195.376009	1.000000	0.960000	5.200000	660.500000
195.877009	1.000000	0.960000	5.200000	659.520000
196.376009	1.000000	0.970000	5.200000	659.790000
196.877009	1.000000	0.970000	5.200000	659.340000
197.376009	1.000000	0.970000	5.220000	659.770000
197.877009	1.000000	0.970000	5.220000	659.650000
198.376009	1.000000	0.970000	5.200000	659.790000
198.877009	1.000000	0.970000	5.200000	659.810000
199.376009	1.000000	0.960000	5.220000	663.420000
199.877009	1.000000	0.980000	5.220000	663.400000
200.377010	1.000000	0.970000	5.220000	663.100000
200.877010	1.000000	0.970000	5.220000	662.210000
201.376010	1.000000	0.970000	5.220000	662.550000
201.877010	1.000000	0.960000	5.200000	662.410000
202.377010	1.000000	0.960000	5.200000	662.510000
202.876010	1.000000	0.960000	5.200000	662.920000
203.377010	1.000000	0.970000	5.250000	661.730000
203.877010	1.000000	0.970000	5.220000	662.780000
204.377010	1.000000	0.970000	5.220000	662.020000
204.876010	1.000000	0.970000	5.220000	662.050000
205.377010	1.000000	0.960000	5.220000	661.980000
205.877010	1.000000	0.980000	5.220000	661.690000
206.377010	1.000000	0.980000	5.220000	661.320000
206.876010	1.000000	0.980000	5.220000	662.090000
207.377010	1.000000	0.970000	5.200000	661.840000
207.877010	1.000000	0.980000	5.220000	661.390000
208.377010	1.000000	0.980000	5.200000	661.460000
208.877010	1.000000	0.980000	5.200000	661.760000
209.376010	1.000000	0.970000	5.220000	661.750000
209.877010	1.000000	0.970000	5.220000	661.770000
210.376010	1.000000	0.970000	5.220000	661.250000
210.877010	1.000000	0.970000	5.220000	661.370000
211.376010	1.000000	0.980000	5.220000	661.710000
211.877010	1.000000	0.970000	5.220000	661.830000
212.377010	1.000000	0.970000	5.220000	661.450000
212.876010	1.000000	0.980000	5.220000	662.160000
213.377010	1.000000	0.950000	5.200000	661.540000
213.877010	1.000000	0.970000	5.220000	661.690000
214.377010	1.000000	0.970000	5.200000	661.740000
214.877010	1.000000	0.970000	5.200000	661.740000
215.377010	1.000000	0.970000	5.220000	661.980000
215.877010	1.000000	0.950000	5.220000	662.240000
216.377010	1.000000	0.970000	5.220000	661.440000
216.877010	1.000000	0.970000	5.220000	661.470000
217.376010	1.000000	0.980000	5.220000	662.770000
217.877010	1.000000	0.960000	5.220000	661.350000
218.377010	1.000000	0.970000	5.200000	661.290000
218.877010	1.000000	0.970000	5.200000	662.160000
219.376010	1.000000	0.940000	5.220000	662.180000
219.877010	1.000000	0.970000	5.220000	661.970000
220.377010	1.000000	0.970000	5.220000	661.250000
220.876010	1.000000	0.970000	5.220000	661.300000
221.377011	1.000000	0.970000	5.220000	662.210000
221.876011	1.000000	0.960000	5.220000	662.030000
222.377011	1.000000	0.980000	5.220000	661.390000
222.876011	1.000000	0.980000	5.220000	662.460000
223.377011	1.000000	0.960000	5.220000	661.990000
223.877011	1.000000	0.960000	5.220000	662.110000
224.376011	1.000000	0.970000	5.220000	661.690000
224.877011	1.000000	0.970000	5.220000	661.610000
225.376011	1.000000	0.970000	5.220000	662.530000
225.877011	1.000000	0.960000	5.270000	662.290000
226.377011	1.000000	0.960000	5.220000	661.420000
226.876011	1.000000	0.960000	5.220000	662.630000
227.377011	1.000000	0.970000	5.220000	661.890000
227.877011	1.000000	0.970000	5.250000	662.220000
228.377011	1.000000	0.960000	5.250000	662.510000
228.876011	1.000000	0.960000	5.250000	662.260000
229.377011	1.000000	0.960000	5.220000	662.770000
229.877011	1.000000	0.980000	5.250000	663.030000
230.377011	1.000000	0.970000	5.220000	662.250000
230.876011	1.000000	0.970000	5.220000	662.150000
231.377011	1.000000	0.970000	5.220000	662.730000
231.876011	1.000000	0.970000	5.220000	662.720000
232.377011	1.000000	0.970000	5.220000	662.150000
232.876011	1.000000	0.970000	5.220000	665.510000
233.377011	1.000000	0.980000	5.220000	665.340000
233.877011	1.000000	0.980000	5.220000	664.780000
234.376011	1.000000	0.950000	5.220000	664.820000
234.876011	1.000000	0.950000	5.220000	664.500000
235.377011	1.000000	0.970000	5.250000	664.980000
235.877011	1.000000	0.970000	5.250000	665.280000
236.376011	1.000000	0.970000	5.250000	663.830000
236.877011	1.000000	0.960000	5.250000	664.360000
237.377011	1.000000	0.960000	5.250000	664.510000
237.876011	1.000000	0.960000	5.250000	664.450000
238.377011	1.000000	0.960000	5.250000	664.350000
238.876011	1.000000	0.960000	5.270000	664.460000
239.377011	1.000000	0.950000	5.250000	664.870000
239.877011	1.000000	0.970000	5.250000	664.630000
240.377011	1.000000	0.950000	5.220000	664.430000
240.877011	1.000000	0.950000	5.220000	663.770000
241.376011	1.000000	0.970000	5.250000	663.730000
241.877011	1.000000	0.980000	5.250000	664.070000
242.377012	1.000000	0.960000	5.250000	663.610000
242.877012	1.000000	0.960000	5.250000	664.180000
243.376012	1.000000	0.950000	5.250000	664.880000
243.877012	1.000000	0.970000	5.250000	664.280000
244.377012	1.000000	0.980000	5.250000	664.050000
244.877012	1.000000	0.980000	5.250000	664.160000
245.376012	1.000000	0.960000	5.250000	663.360000
245.877012	1.000000	0.970000	5.250000	664.130000
246.377012	1.000000	0.970000	5.250000	664.190000
246.876012	1.000000	0.970000	5.250000	664.730000
247.377012	1.000000	0.960000	5.250000	664.810000
247.877012	1.000000	0.970000	5.250000	665.290000
248.377012	1.000000	0.970000	5.250000	664.720000
248.876012	1.000000	0.970000	5.250000	665.690000
249.377012	1.000000	0.970000	5.250000	665.030000
249.876012	1.000000	0.960000	5.250000	664.650000
250.377012	1.000000	0.970000	5.250000	664.860000
250.877012	1.000000	0.970000	5.250000	665.750000
251.376012	1.000000	0.960000	5.270000	664.680000
251.877012	1.000000	0.970000	5.250000	664.600000
252.377012	1.000000	0.970000	5.250000	664.340000
252.876012	1.000000	0.980000	5.270000	665.520000
253.377012	1.000000	0.960000	5.350000	665.600000
253.877012	1.000000	0.960000	5.330000	667.510000
254.377012	1.000000	0.980000	5.330000	668.750000
254.877012	1.000000	0.980000	5.330000	669.180000
255.376012	1.000000	0.970000	5.330000	668.580000
255.877012	1.000000	0.960000	5.330000	669.900000
256.377012	1.000000	0.970000	5.310000	674.170000
256.877012	1.000000	0.970000	5.310000	674.510000
257.376012	1.000000	0.950000	5.350000	674.920000
257.877012	1.000000	0.960000	5.310000	675.030000
258.376012	1.000000	0.960000	5.310000	674.470000
258.877012	1.000000	0.980000	5.290000	674.680000
259.377012	1.000000	0.960000	5.310000	674.180000
259.877012	1.000000	0.970000	5.310000	674.870000
260.376012	1.000000	0.970000	5.310000	673.970000
260.877012	1.000000	0.970000	5.310000	673.770000
261.376012	1.000000	0.960000	5.310000	673.530000
261.877012	1.000000	0.970000	5.310000	673.820000
262.376012	1.000000	0.970000	5.310000	673.410000
262.877012	1.000000	0.980000	5.330000	673.740000
263.377013	1.000000	0.960000	5.310000	673.990000
263.877013	1.000000	0.970000	5.310000	673.690000
264.376013	1.000000	0.970000	5.310000	673.890000
264.877013	1.000000	0.970000	5.330000	673.090000
265.377013	1.000000	0.970000	5.310000	673.900000
265.877013	1.000000	0.980000	5.310000	673.020000
266.376013	1.000000	0.980000	5.310000	673.400000
266.877013	1.000000	0.970000	5.310000	673.790000
267.377013	1.000000	0.940000	5.310000	673.040000
267.877013	1.000000	0.970000	5.310000	673.580000
268.376013	1.000000	0.970000	5.310000	673.160000
268.877013	1.000000	0.970000	5.330000	674.020000
269.377013	1.000000	0.950000	5.310000	672.880000
269.877013	1.000000	0.950000	5.310000	673.210000
270.376013	1.000000	0.970000	5.310000	673.160000
270.877013	1.000000	0.970000	5.310000	673.240000
271.376013	1.000000	0.960000	5.310000	673.370000
271.877013	1.000000	0.960000	5.330000	673.150000
272.377013	1.000000	0.960000	5.330000	672.530000
272.876013	1.000000	0.960000	5.330000	672.780000
273.377013	1.000000	0.970000	5.330000	672.370000
273.877013	1.000000	0.960000	5.310000	675.170000
274.377013	1.000000	0.960000	5.310000	675.090000
274.876013	1.000000	0.960000	5.330000	675.060000
275.377013	1.000000	0.970000	5.310000	673.730000
275.877013	1.000000	0.970000	5.310000	674.240000
276.376013	1.000000	0.970000	5.310000	673.780000
276.877013	1.000000	0.960000	5.310000	672.710000
277.377013	1.000000	0.960000	5.330000	672.650000
277.877013	1.000000	0.970000	5.330000	672.860000
278.377013	1.000000	0.970000	5.330000	672.000000
278.876013	1.000000	0.970000	5.330000	672.270000
279.377013	1.000000	0.970000	5.330000	672.940000
279.876013	1.000000	0.970000	5.330000	673.830000
280.377013	1.000000	0.970000	5.330000	673.780000
280.876013	1.000000	0.970000	5.330000	672.990000
281.377013	1.000000	0.960000	5.310000	672.580000
281.876013	1.000000	0.960000	5.310000	672.840000
282.377013	1.000000	0.960000	5.330000	673.130000
282.877013	1.000000	0.940000	5.330000	673.340000
283.377013	1.000000	0.970000	5.310000	673.010000
283.876013	1.000000	0.970000	5.310000	673.740000
284.377014	1.000000	0.960000	5.330000	672.900000
284.877014	1.000000	0.970000	5.350000	674.200000
285.377014	1.000000	0.980000	5.330000	673.230000
285.876014	1.000000	0.980000	5.330000	673.460000
286.377014	1.000000	0.970000	5.310000	672.340000
286.877014	1.000000	0.970000	5.330000	673.190000
287.377014	1.000000	0.970000	5.330000	678.340000
287.876014	1.000000	0.970000	5.330000	677.930000
288.377014	1.000000	0.960000	5.330000	677.220000
288.877014	1.000000	0.970000	5.330000	676.870000
289.377014	1.000000	0.960000	5.330000	676.450000
289.877014	1.000000	0.960000	5.330000	676.890000
290.376014	1.000000	0.970000	5.330000	676.560000
290.877014	1.000000	0.950000	5.310000	675.970000
291.377014	1.000000	0.980000	5.330000	675.390000
291.877014	1.000000	0.980000	5.330000	676.280000
292.376014	1.000000	0.970000	5.350000	676.010000
292.877014	1.000000	0.980000	5.350000	676.760000
293.377014	1.000000	0.960000	5.330000	674.830000
293.877014	1.000000	0.960000	5.330000	675.040000
294.376014	1.000000	0.970000	5.330000	675.190000
294.877014	1.000000	0.970000	5.330000	674.940000
295.376014	1.000000	0.970000	5.330000	675.710000
295.877014	1.000000	0.960000	5.330000	677.560000
296.377014	1.000000	0.970000	5.330000	676.830000
296.877014	1.000000	0.970000	5.330000	675.840000
297.376014	1.000000	0.970000	5.330000	675.600000
297.877014	1.000000	0.960000	5.350000	675.080000
298.377014	1.000000	0.960000	5.350000	675.770000
298.876014	1.000000	0.960000	5.330000	675.240000
299.377014	1.000000	0.970000	5.330000	674.490000
299.877014	1.000000	0.970000	5.330000	674.370000
300.376014	1.000000	0.970000	5.350000	673.890000
