==Experiment Metadata==
Software Version::TPD Controller v1.2
Data Saved::Wed, Jul 28, 2010 08:18:09
Sample::JRS0035
Experimenter Name::CHeidelberger
Experiment Type::Temp Control Test
Chamber::Prep
Thermocouple Type::K
Notes::

==Hardware Parameters==
Start Time::Wed, Jul 28, 2010 08:16:49
Data Points::121
Sample Start Temperature (Thermocouple) [C]::136.82000
Current Limit [A]::4.00000
Temperature Limit [C]::900.00000
Voltage Limit [V]::20.00000
PID Calculates::Current

==PID Gain Schedule==
Kc	Ti[minutes]	Td[minutes]	MaxTemperature[C]
0.0010000	0.1000000	0.0010000	0.00

==Temperature Schedule==
Time[s]	TemperatureSetpoint[C]
0.00	500.00
60.00	500.00

==Data==
DateStamp	ElapsedTime[s]	TemperatureSetpoint[C]	CurrentSetpoint[A]	ThermocoupleTemperature[C]	PyrometerTemperature[C]	MeasuredCurrent[A]	MeasuredVoltage[V]	MeasuredResistance[ohms]	StageTemperature[C]
7/28/2010 08:16:49	0.000	500.000	0.363	136.550	312.805	0.000	0.050	Inf	105.120
7/28/2010 08:16:50	0.680	500.000	0.390	149.120	322.876	0.390	4.450	11.410	107.030
7/28/2010 08:16:50	1.180	500.000	0.405	162.530	318.909	0.390	4.280	10.974	106.910
7/28/2010 08:16:51	1.680	500.000	0.419	175.950	323.372	0.400	4.220	10.550	106.840
7/28/2010 08:16:51	2.180	500.000	0.432	189.270	326.294	0.380	4.190	11.026	106.860
7/28/2010 08:16:52	2.679	500.000	0.445	202.070	329.193	0.380	4.190	11.026	106.920
7/28/2010 08:16:52	3.180	500.000	0.456	215.520	329.407	0.400	4.240	10.600	107.010
7/28/2010 08:16:53	3.680	500.000	0.466	228.140	329.956	0.410	4.240	10.341	107.050
7/28/2010 08:16:53	4.179	500.000	0.476	240.190	325.317	0.410	4.240	10.341	107.040
7/28/2010 08:16:54	4.680	500.000	0.486	252.310	325.775	0.430	4.260	9.907	107.090
7/28/2010 08:16:54	5.179	500.000	0.494	264.230	328.552	0.440	4.220	9.591	107.100
7/28/2010 08:16:55	5.680	500.000	0.502	275.570	329.132	0.460	4.260	9.261	107.150
7/28/2010 08:16:55	6.179	500.000	0.509	286.800	333.618	0.460	4.260	9.261	107.200
7/28/2010 08:16:56	6.680	500.000	0.516	296.670	338.013	0.470	4.220	8.979	107.140
7/28/2010 08:16:56	7.179	500.000	0.523	306.760	336.548	0.470	4.170	8.872	107.190
7/28/2010 08:16:57	7.680	500.000	0.529	316.550	337.311	0.500	4.280	8.560	107.220
7/28/2010 08:16:57	8.179	500.000	0.535	325.480	338.440	0.500	4.280	8.560	107.250
7/28/2010 08:16:58	8.680	500.000	0.540	334.400	339.813	0.480	4.280	8.917	107.320
7/28/2010 08:16:58	9.179	500.000	0.544	344.000	342.346	0.510	4.320	8.471	107.290
7/28/2010 08:16:59	9.680	500.000	0.549	351.890	349.487	0.520	4.260	8.192	107.330
7/28/2010 08:16:59	10.179	500.000	0.553	359.940	352.417	0.520	4.260	8.192	107.270
7/28/2010 08:17:00	10.680	500.000	0.557	367.240	355.591	0.520	4.240	8.154	107.310
7/28/2010 08:17:00	11.179	500.000	0.561	374.050	364.441	0.530	4.190	7.906	107.310
7/28/2010 08:17:01	11.680	500.000	0.564	380.850	369.781	0.520	4.240	8.154	107.330
7/28/2010 08:17:01	12.179	500.000	0.568	387.190	375.244	0.520	4.240	8.154	107.320
7/28/2010 08:17:02	12.680	500.000	0.571	392.880	381.378	0.550	4.190	7.618	107.270
7/28/2010 08:17:02	13.179	500.000	0.573	399.140	388.672	0.550	4.280	7.782	107.370
7/28/2010 08:17:03	13.679	500.000	0.576	404.890	392.365	0.550	4.280	7.782	107.460
7/28/2010 08:17:03	14.180	500.000	0.579	410.100	397.522	0.540	4.260	7.889	107.390
7/28/2010 08:17:04	14.679	500.000	0.581	414.960	401.123	0.560	4.260	7.607	107.380
7/28/2010 08:17:04	15.179	500.000	0.583	419.880	406.189	0.530	4.260	8.038	107.390
7/28/2010 08:17:05	15.679	500.000	0.585	424.350	411.377	0.530	4.260	8.038	107.440
7/28/2010 08:17:05	16.180	500.000	0.587	428.550	415.009	0.540	4.280	7.926	107.450
7/28/2010 08:17:06	16.679	500.000	0.589	432.590	420.380	0.560	4.280	7.643	107.440
7/28/2010 08:17:06	17.179	500.000	0.591	436.180	423.401	0.560	4.260	7.607	107.370
7/28/2010 08:17:07	17.679	500.000	0.592	439.800	426.575	0.560	4.260	7.607	107.480
7/28/2010 08:17:07	18.180	500.000	0.594	443.240	430.023	0.590	4.300	7.288	107.440
7/28/2010 08:17:08	18.679	500.000	0.595	446.130	433.319	0.560	4.300	7.679	107.410
7/28/2010 08:17:08	19.179	500.000	0.597	449.230	436.249	0.570	4.280	7.509	107.410
7/28/2010 08:17:09	19.679	500.000	0.598	451.670	439.392	0.570	4.280	7.509	107.380
7/28/2010 08:17:09	20.180	500.000	0.600	453.910	442.627	0.580	4.280	7.379	107.380
7/28/2010 08:17:10	20.679	500.000	0.601	456.780	444.977	0.580	4.340	7.483	107.490
7/28/2010 08:17:10	21.179	500.000	0.602	459.520	447.632	0.570	4.320	7.579	107.490
7/28/2010 08:17:11	21.679	500.000	0.603	461.280	450.104	0.570	4.320	7.579	107.430
7/28/2010 08:17:11	22.180	500.000	0.604	463.440	452.576	0.590	4.300	7.288	107.440
7/28/2010 08:17:12	22.679	500.000	0.605	465.330	454.773	0.580	4.300	7.414	107.400
7/28/2010 08:17:12	23.179	500.000	0.607	466.600	456.665	0.580	4.300	7.414	107.410
7/28/2010 08:17:13	23.679	500.000	0.608	468.280	458.221	0.580	4.300	7.414	107.410
7/28/2010 08:17:13	24.180	500.000	0.610	469.430	459.869	0.570	4.280	7.509	107.400
7/28/2010 08:17:14	24.679	500.000	0.611	470.710	461.395	0.580	4.280	7.379	107.330
7/28/2010 08:17:14	25.179	500.000	0.611	472.380	462.769	0.580	4.390	7.569	107.480
7/28/2010 08:17:15	25.679	500.000	0.612	473.780	464.325	0.580	4.390	7.569	107.490
7/28/2010 08:17:15	26.180	500.000	0.613	475.600	465.668	0.570	4.340	7.614	107.490
7/28/2010 08:17:16	26.679	500.000	0.614	476.570	466.888	0.580	4.390	7.569	107.430
7/28/2010 08:17:16	27.180	500.000	0.614	478.220	467.804	0.580	4.370	7.534	107.470
7/28/2010 08:17:17	27.679	500.000	0.614	479.710	468.842	0.580	4.370	7.534	107.490
7/28/2010 08:17:17	28.180	500.000	0.615	480.520	470.001	0.570	4.370	7.667	107.450
7/28/2010 08:17:18	28.679	500.000	0.615	481.970	471.100	0.580	4.370	7.534	107.460
7/28/2010 08:17:18	29.180	500.000	0.616	482.430	472.168	0.580	4.340	7.483	107.460
7/28/2010 08:17:19	29.679	500.000	0.617	483.420	473.480	0.580	4.340	7.483	107.480
7/28/2010 08:17:19	30.180	500.000	0.617	484.140	474.518	0.610	4.340	7.115	107.410
7/28/2010 08:17:20	30.679	500.000	0.617	485.160	475.311	0.580	4.370	7.534	107.480
7/28/2010 08:17:20	31.180	500.000	0.619	485.350	476.227	0.580	4.340	7.483	107.420
7/28/2010 08:17:21	31.679	500.000	0.619	485.890	477.051	0.580	4.340	7.483	107.420
7/28/2010 08:17:21	32.180	500.000	0.620	486.410	477.509	0.590	4.370	7.407	107.390
7/28/2010 08:17:22	32.679	500.000	0.621	486.770	478.455	0.580	4.340	7.483	107.400
7/28/2010 08:17:22	33.180	500.000	0.620	488.400	479.340	0.610	4.450	7.295	107.570
7/28/2010 08:17:23	33.679	500.000	0.621	488.260	480.133	0.610	4.450	7.295	107.380
7/28/2010 08:17:23	34.180	500.000	0.620	489.810	480.865	0.610	4.430	7.262	107.570
7/28/2010 08:17:24	34.679	500.000	0.620	491.170	481.812	0.580	4.430	7.638	107.520
7/28/2010 08:17:24	35.180	500.000	0.621	490.810	482.269	0.570	4.340	7.614	107.360
7/28/2010 08:17:25	35.679	500.000	0.620	492.070	482.758	0.570	4.340	7.614	107.450
7/28/2010 08:17:25	36.180	500.000	0.620	493.140	483.276	0.620	4.410	7.113	107.500
7/28/2010 08:17:26	36.679	500.000	0.622	492.220	483.948	0.590	4.300	7.288	107.290
7/28/2010 08:17:26	37.180	500.000	0.621	493.100	484.436	0.590	4.390	7.441	107.450
7/28/2010 08:17:27	37.679	500.000	0.621	493.630	484.802	0.590	4.390	7.441	107.440
7/28/2010 08:17:27	38.180	500.000	0.621	494.190	485.138	0.600	4.390	7.317	107.470
7/28/2010 08:17:28	38.679	500.000	0.621	494.610	485.565	0.600	4.390	7.317	107.420
7/28/2010 08:17:28	39.180	500.000	0.621	494.970	485.901	0.600	4.390	7.317	107.460
7/28/2010 08:17:29	39.680	500.000	0.621	495.410	485.870	0.620	4.390	7.081	107.390
7/28/2010 08:17:29	40.179	500.000	0.622	495.530	486.694	0.600	4.390	7.317	107.440
7/28/2010 08:17:30	40.679	500.000	0.621	496.110	487.274	0.600	4.390	7.317	107.410
7/28/2010 08:17:30	41.179	500.000	0.621	496.600	487.518	0.600	4.390	7.317	107.400
7/28/2010 08:17:31	41.680	500.000	0.622	496.530	487.915	0.600	4.390	7.317	107.360
7/28/2010 08:17:31	42.179	500.000	0.621	496.880	488.800	0.580	4.390	7.569	107.430
7/28/2010 08:17:32	42.679	500.000	0.621	497.360	489.044	0.600	4.390	7.317	107.400
7/28/2010 08:17:32	43.179	500.000	0.622	496.990	489.166	0.600	4.390	7.317	107.420
7/28/2010 08:17:33	43.680	500.000	0.622	497.220	489.441	0.600	4.390	7.317	107.410
7/28/2010 08:17:33	44.179	500.000	0.621	497.770	489.532	0.590	4.370	7.407	107.370
7/28/2010 08:17:34	44.679	500.000	0.622	497.740	489.441	0.590	4.370	7.407	107.450
7/28/2010 08:17:34	45.180	500.000	0.622	497.930	489.410	0.610	4.370	7.164	107.380
7/28/2010 08:17:35	45.679	500.000	0.622	497.880	489.410	0.600	4.370	7.283	107.380
7/28/2010 08:17:35	46.179	500.000	0.622	497.750	489.380	0.590	4.370	7.407	107.390
7/28/2010 08:17:36	46.680	500.000	0.622	498.190	489.380	0.590	4.370	7.407	107.310
7/28/2010 08:17:36	47.180	500.000	0.622	498.070	489.380	0.600	4.370	7.283	107.400
7/28/2010 08:17:37	47.679	500.000	0.622	498.170	489.471	0.580	4.370	7.534	107.380
7/28/2010 08:17:37	48.179	500.000	0.623	498.040	489.624	0.600	4.370	7.283	107.340
7/28/2010 08:17:38	48.680	500.000	0.622	498.340	489.685	0.590	4.370	7.407	107.320
7/28/2010 08:17:38	49.179	500.000	0.622	498.630	489.716	0.590	4.370	7.407	107.290
7/28/2010 08:17:39	49.680	500.000	0.623	497.940	489.838	0.600	4.370	7.283	107.300
7/28/2010 08:17:39	50.179	500.000	0.623	498.070	489.349	0.600	4.370	7.283	107.290
7/28/2010 08:17:40	50.680	500.000	0.623	498.110	489.441	0.590	4.370	7.407	107.290
7/28/2010 08:17:40	51.180	500.000	0.623	498.690	489.563	0.610	4.370	7.164	107.310
7/28/2010 08:17:41	51.679	500.000	0.624	498.240	489.532	0.600	4.370	7.283	107.280
7/28/2010 08:17:41	52.179	500.000	0.623	498.640	489.502	0.580	4.370	7.534	107.280
7/28/2010 08:17:42	52.680	500.000	0.624	498.310	489.685	0.600	4.370	7.283	107.330
7/28/2010 08:17:42	53.179	500.000	0.624	498.430	489.716	0.600	4.370	7.283	107.290
7/28/2010 08:17:43	53.680	500.000	0.624	498.430	489.532	0.580	4.370	7.534	107.240
7/28/2010 08:17:43	54.179	500.000	0.624	498.490	489.746	0.590	4.370	7.407	107.290
7/28/2010 08:17:44	54.680	500.000	0.624	498.530	489.746	0.590	4.370	7.407	107.260
7/28/2010 08:17:44	55.179	500.000	0.624	498.780	490.112	0.590	4.370	7.407	107.260
7/28/2010 08:17:45	55.680	500.000	0.625	498.260	490.204	0.600	4.340	7.233	107.200
7/28/2010 08:17:45	56.179	500.000	0.625	498.300	490.356	0.590	4.370	7.407	107.270
7/28/2010 08:17:46	56.680	500.000	0.625	498.330	490.265	0.600	4.340	7.233	107.250
7/28/2010 08:17:46	57.179	500.000	0.624	498.770	489.838	0.600	4.340	7.233	107.200
7/28/2010 08:17:47	57.680	500.000	0.625	498.260	489.471	0.600	4.370	7.283	107.250
7/28/2010 08:17:47	58.179	500.000	0.625	498.470	489.319	0.590	4.340	7.356	107.240
7/28/2010 08:17:48	58.680	500.000	0.625	498.300	489.441	0.590	4.340	7.356	107.180
7/28/2010 08:17:48	59.180	500.000	0.625	498.310	489.288	0.600	4.340	7.233	107.200
7/28/2010 08:17:49	59.679	500.000	0.626	498.280	489.563	0.600	4.340	7.233	107.170
7/28/2010 08:17:49	60.179	500.000	0.626	498.330	489.716	0.580	4.340	7.483	107.160
