==Experiment Metadata==
Software Version::TPD Controller v1.2
Data Saved::Wed, Jul 28, 2010 08:26:35
Sample::JRS0035
Experimenter Name::CHeidelberger
Experiment Type::Temp Control Test
Chamber::Prep
Thermocouple Type::K
Notes::TPD-like ramp

==Hardware Parameters==
Start Time::Wed, Jul 28, 2010 08:23:06
Data Points::391
Sample Start Temperature (Thermocouple) [C]::105.48000
Current Limit [A]::4.00000
Temperature Limit [C]::900.00000
Voltage Limit [V]::20.00000
PID Calculates::Current

==PID Gain Schedule==
Kc	Ti[minutes]	Td[minutes]	MaxTemperature[C]
0.0020000	0.1000000	0.0010000	0.00

==Temperature Schedule==
Time[s]	TemperatureSetpoint[C]
0.00	400.00
20.00	400.00
195.00	750.00

==Data==
DateStamp	ElapsedTime[s]	TemperatureSetpoint[C]	CurrentSetpoint[A]	ThermocoupleTemperature[C]	PyrometerTemperature[C]	MeasuredCurrent[A]	MeasuredVoltage[V]	MeasuredResistance[ohms]	StageTemperature[C]
7/28/2010 08:23:07	0.000	400.000	0.589	105.480	343.781	0.000	0.050	Inf	102.150
7/28/2010 08:23:07	0.733	400.000	0.589	136.840	335.327	0.600	4.950	8.250	105.660
7/28/2010 08:23:08	1.234	400.000	0.584	160.360	328.522	0.560	4.860	8.679	105.490
7/28/2010 08:23:08	1.733	400.000	0.574	183.960	326.996	0.560	4.770	8.518	105.290
7/28/2010 08:23:09	2.233	400.000	0.568	204.570	326.141	0.560	4.770	8.518	105.060
7/28/2010 08:23:09	2.734	400.000	0.566	221.730	322.083	0.520	4.470	8.596	104.780
7/28/2010 08:23:10	3.233	400.000	0.560	238.840	322.510	0.530	4.390	8.283	104.710
7/28/2010 08:23:10	3.734	400.000	0.557	253.650	323.456	0.550	4.280	7.782	104.540
7/28/2010 08:23:11	4.233	400.000	0.552	267.700	319.061	0.550	4.280	7.782	104.560
7/28/2010 08:23:11	4.734	400.000	0.547	280.670	317.230	0.550	4.190	7.618	104.470
7/28/2010 08:23:12	5.233	400.000	0.548	290.280	322.601	0.510	4.150	8.137	104.340
7/28/2010 08:23:12	5.734	400.000	0.538	303.290	328.491	0.510	4.150	8.137	104.320
7/28/2010 08:23:13	6.234	400.000	0.535	313.030	328.918	0.510	4.040	7.922	104.180
7/28/2010 08:23:13	6.733	400.000	0.535	320.120	333.923	0.500	4.020	8.040	104.220
7/28/2010 08:23:14	7.233	400.000	0.530	328.930	338.379	0.490	4.000	8.163	104.250
7/28/2010 08:23:14	7.734	400.000	0.524	337.460	341.003	0.490	3.910	7.980	104.120
7/28/2010 08:23:15	8.233	400.000	0.525	342.400	346.008	0.490	3.910	7.980	104.090
7/28/2010 08:23:15	8.734	400.000	0.519	349.660	351.135	0.480	3.890	8.104	104.100
7/28/2010 08:23:16	9.233	400.000	0.520	353.530	353.912	0.500	3.830	7.660	104.010
7/28/2010 08:23:16	9.734	400.000	0.517	358.610	358.154	0.500	3.830	7.660	103.980
7/28/2010 08:23:17	10.234	400.000	0.514	363.080	359.955	0.470	3.810	8.106	103.980
7/28/2010 08:23:17	10.733	400.000	0.512	367.280	363.159	0.490	3.790	7.735	103.980
7/28/2010 08:23:18	11.233	400.000	0.510	370.900	367.462	0.480	3.790	7.896	103.970
7/28/2010 08:23:18	11.734	400.000	0.508	374.380	374.390	0.480	3.790	7.896	103.860
7/28/2010 08:23:19	12.234	400.000	0.506	377.400	376.892	0.460	3.740	8.130	103.900
7/28/2010 08:23:19	12.733	400.000	0.504	379.990	381.927	0.470	3.720	7.915	103.890
7/28/2010 08:23:20	13.233	400.000	0.502	382.700	381.683	0.470	3.760	8.000	103.840
7/28/2010 08:23:20	13.734	400.000	0.500	385.100	383.301	0.450	3.760	8.356	103.900
7/28/2010 08:23:21	14.233	400.000	0.498	387.270	382.294	0.450	3.760	8.356	103.840
7/28/2010 08:23:21	14.734	400.000	0.496	389.090	387.146	0.460	3.680	8.000	103.840
7/28/2010 08:23:22	15.233	400.000	0.494	390.970	387.512	0.480	3.700	7.708	103.800
7/28/2010 08:23:22	15.734	400.000	0.493	392.290	390.839	0.480	3.700	7.708	103.830
7/28/2010 08:23:23	16.234	400.000	0.491	393.910	394.623	0.480	3.700	7.708	103.820
7/28/2010 08:23:23	16.733	400.000	0.490	395.050	398.468	0.470	3.680	7.830	103.800
7/28/2010 08:23:24	17.233	400.000	0.488	396.010	397.003	0.470	3.680	7.830	103.710
7/28/2010 08:23:24	17.734	400.000	0.488	396.370	398.132	0.450	3.570	7.933	103.700
7/28/2010 08:23:25	18.233	400.000	0.489	396.440	397.736	0.460	3.590	7.804	103.690
7/28/2010 08:23:25	18.733	400.000	0.488	397.040	396.332	0.430	3.590	8.349	103.710
7/28/2010 08:23:26	19.233	400.000	0.489	397.160	396.118	0.470	3.590	7.638	103.690
7/28/2010 08:23:26	19.734	400.000	0.488	397.600	396.637	0.450	3.590	7.978	103.690
7/28/2010 08:23:27	20.233	400.466	0.489	397.780	397.034	0.450	3.590	7.978	103.640
7/28/2010 08:23:27	20.734	401.468	0.491	398.150	397.919	0.450	3.590	7.978	103.670
7/28/2010 08:23:28	21.233	402.466	0.492	398.800	400.391	0.470	3.680	7.830	103.790
7/28/2010 08:23:28	21.733	403.466	0.492	400.100	400.360	0.470	3.680	7.830	103.760
7/28/2010 08:23:29	22.234	404.468	0.493	400.840	402.710	0.450	3.680	8.178	103.770
7/28/2010 08:23:29	22.733	405.466	0.494	401.740	403.748	0.480	3.680	7.667	103.790
7/28/2010 08:23:30	23.233	406.466	0.495	402.530	404.785	0.480	3.680	7.667	103.760
7/28/2010 08:23:30	23.734	407.468	0.496	403.360	403.900	0.460	3.660	7.957	103.770
7/28/2010 08:23:31	24.233	408.466	0.497	404.020	403.809	0.480	3.680	7.667	103.750
7/28/2010 08:23:31	24.733	409.466	0.499	404.810	403.778	0.480	3.660	7.625	103.780
7/28/2010 08:23:32	25.233	410.466	0.501	405.130	404.846	0.460	3.660	7.957	103.760
7/28/2010 08:23:32	25.733	411.466	0.502	406.080	404.877	0.460	3.660	7.957	103.810
7/28/2010 08:23:33	26.234	412.468	0.502	407.200	405.670	0.470	3.720	7.915	103.810
7/28/2010 08:23:33	26.733	413.466	0.503	408.360	407.074	0.470	3.720	7.915	103.830
7/28/2010 08:23:34	27.233	414.466	0.504	409.140	407.959	0.490	3.720	7.592	103.820
7/28/2010 08:23:34	27.733	415.466	0.506	409.780	408.844	0.490	3.720	7.592	103.770
7/28/2010 08:23:35	28.233	416.466	0.507	410.620	409.393	0.460	3.700	8.043	103.790
7/28/2010 08:23:35	28.734	417.468	0.509	411.370	410.553	0.460	3.720	8.087	103.780
7/28/2010 08:23:36	29.234	418.468	0.511	411.970	411.682	0.460	3.720	8.087	103.800
7/28/2010 08:23:36	29.734	419.468	0.512	412.790	412.537	0.470	3.760	8.000	103.830
7/28/2010 08:23:37	30.233	420.466	0.513	413.940	413.055	0.480	3.760	7.833	103.850
7/28/2010 08:23:37	30.734	421.468	0.514	414.720	414.032	0.480	3.790	7.896	103.830
7/28/2010 08:23:38	31.234	422.468	0.516	415.600	414.581	0.480	3.790	7.896	103.850
7/28/2010 08:23:38	31.734	423.468	0.517	416.370	414.856	0.460	3.760	8.174	103.820
7/28/2010 08:23:39	32.233	424.466	0.519	417.200	415.192	0.460	3.760	8.174	103.820
7/28/2010 08:23:39	32.734	425.468	0.521	417.810	415.741	0.490	3.760	7.673	103.830
7/28/2010 08:23:40	33.234	426.468	0.522	419.020	416.168	0.480	3.830	7.979	103.900
7/28/2010 08:23:40	33.733	427.466	0.523	419.790	416.840	0.480	3.830	7.979	103.850
7/28/2010 08:23:41	34.234	428.468	0.525	420.750	417.389	0.500	3.830	7.660	103.860
7/28/2010 08:23:41	34.733	429.466	0.526	421.680	418.091	0.480	3.810	7.937	103.850
7/28/2010 08:23:42	35.234	430.468	0.528	422.400	418.671	0.490	3.810	7.776	103.830
7/28/2010 08:23:42	35.733	431.466	0.530	422.970	419.708	0.490	3.810	7.776	103.840
7/28/2010 08:23:43	36.234	432.468	0.530	424.760	420.685	0.520	3.910	7.519	103.970
7/28/2010 08:23:43	36.733	433.466	0.533	425.050	421.936	0.480	3.810	7.937	103.840
7/28/2010 08:23:44	37.234	434.468	0.533	426.630	422.455	0.480	3.810	7.937	103.910
7/28/2010 08:23:44	37.734	435.468	0.534	427.710	423.340	0.520	3.910	7.519	103.940
7/28/2010 08:23:45	38.233	436.466	0.535	429.050	424.438	0.540	3.910	7.241	103.930
7/28/2010 08:23:45	38.733	437.466	0.535	430.620	425.537	0.510	3.910	7.667	103.910
7/28/2010 08:23:46	39.234	438.468	0.536	431.760	426.453	0.490	3.910	7.980	103.920
7/28/2010 08:23:46	39.733	439.466	0.538	432.200	428.009	0.490	3.910	7.980	103.940
7/28/2010 08:23:47	40.234	440.468	0.539	433.210	429.352	0.490	3.910	7.980	103.930
7/28/2010 08:23:47	40.733	441.466	0.540	434.430	430.420	0.510	3.910	7.667	103.860
7/28/2010 08:23:48	41.234	442.468	0.542	435.060	431.458	0.510	3.910	7.667	103.940
7/28/2010 08:23:48	41.734	443.468	0.544	435.730	432.312	0.510	3.960	7.765	103.970
7/28/2010 08:23:49	42.233	444.466	0.544	437.080	433.044	0.520	3.960	7.615	103.950
7/28/2010 08:23:49	42.733	445.466	0.546	437.930	433.685	0.520	3.960	7.615	103.980
7/28/2010 08:23:50	43.234	446.468	0.547	439.040	434.326	0.500	3.960	7.920	103.950
7/28/2010 08:23:50	43.733	447.466	0.548	440.010	434.753	0.500	3.960	7.920	103.930
7/28/2010 08:23:51	44.234	448.468	0.550	440.820	435.577	0.490	3.960	8.082	103.950
7/28/2010 08:23:51	44.733	449.466	0.552	441.290	436.401	0.510	3.960	7.765	103.970
7/28/2010 08:23:52	45.234	450.468	0.553	442.540	437.378	0.520	4.000	7.692	104.000
7/28/2010 08:23:52	45.733	451.466	0.554	443.720	438.049	0.520	4.000	7.692	104.020
7/28/2010 08:23:53	46.234	452.468	0.556	444.560	439.301	0.490	4.000	8.163	103.960
7/28/2010 08:23:53	46.733	453.466	0.557	445.350	440.033	0.520	4.020	7.731	103.960
7/28/2010 08:23:54	47.234	454.468	0.558	446.520	440.704	0.540	4.020	7.444	103.980
7/28/2010 08:23:54	47.733	455.466	0.560	447.380	441.467	0.540	4.020	7.444	104.000
7/28/2010 08:23:55	48.234	456.468	0.561	448.440	442.444	0.530	4.040	7.623	104.000
7/28/2010 08:23:55	48.733	457.466	0.563	449.380	443.268	0.540	4.040	7.481	104.030
7/28/2010 08:23:56	49.234	458.468	0.565	450.050	444.489	0.510	4.040	7.922	104.050
7/28/2010 08:23:56	49.733	459.466	0.565	451.360	445.465	0.510	4.040	7.922	104.000
7/28/2010 08:23:57	50.234	460.468	0.567	452.180	446.655	0.550	4.070	7.400	104.010
7/28/2010 08:23:57	50.733	461.466	0.570	452.650	447.327	0.540	4.070	7.537	104.030
7/28/2010 08:23:58	51.233	462.466	0.571	453.760	447.693	0.540	4.070	7.537	104.020
7/28/2010 08:23:58	51.734	463.468	0.571	455.150	448.547	0.560	4.170	7.446	104.150
7/28/2010 08:23:59	52.233	464.466	0.572	456.400	449.707	0.550	4.150	7.545	104.130
7/28/2010 08:23:59	52.733	465.466	0.573	457.600	450.806	0.530	4.150	7.830	104.150
7/28/2010 08:24:00	53.233	466.466	0.573	459.420	452.087	0.530	4.150	7.830	104.180
7/28/2010 08:24:00	53.734	467.468	0.574	460.350	453.857	0.540	4.150	7.685	104.150
7/28/2010 08:24:01	54.233	468.466	0.575	461.550	454.803	0.540	4.150	7.685	104.180
7/28/2010 08:24:01	54.734	469.468	0.576	462.770	455.658	0.530	4.170	7.868	104.100
7/28/2010 08:24:02	55.233	470.466	0.577	463.690	456.818	0.530	4.150	7.830	104.150
7/28/2010 08:24:02	55.733	471.466	0.579	464.490	458.160	0.530	4.150	7.830	104.170
7/28/2010 08:24:03	56.234	472.468	0.581	465.010	458.771	0.550	4.150	7.545	104.090
7/28/2010 08:24:03	56.734	473.468	0.581	466.520	459.839	0.570	4.190	7.351	104.140
7/28/2010 08:24:04	57.233	474.466	0.582	467.370	460.724	0.560	4.220	7.536	104.140
7/28/2010 08:24:04	57.733	475.466	0.584	468.120	461.395	0.560	4.220	7.536	104.250
7/28/2010 08:24:05	58.234	476.468	0.585	469.090	462.097	0.580	4.190	7.224	104.170
7/28/2010 08:24:05	58.734	477.468	0.587	470.100	463.226	0.550	4.190	7.618	104.160
7/28/2010 08:24:06	59.233	478.466	0.588	470.980	463.867	0.550	4.190	7.618	104.200
7/28/2010 08:24:06	59.733	479.466	0.590	471.880	464.844	0.550	4.190	7.618	104.170
7/28/2010 08:24:07	60.234	480.468	0.592	472.380	465.607	0.540	4.190	7.759	104.150
7/28/2010 08:24:07	60.734	481.468	0.593	473.440	466.003	0.560	4.240	7.571	104.200
7/28/2010 08:24:08	61.233	482.466	0.595	474.250	466.370	0.570	4.260	7.474	104.220
7/28/2010 08:24:08	61.733	483.466	0.596	475.180	467.499	0.570	4.260	7.474	104.220
7/28/2010 08:24:09	62.234	484.468	0.598	475.890	468.048	0.550	4.220	7.673	104.190
7/28/2010 08:24:09	62.734	485.468	0.600	476.790	468.719	0.540	4.220	7.815	104.190
7/28/2010 08:24:10	63.233	486.466	0.602	477.320	469.666	0.540	4.220	7.815	104.190
7/28/2010 08:24:10	63.734	487.468	0.605	477.950	470.734	0.570	4.260	7.474	104.300
7/28/2010 08:24:11	64.233	488.466	0.606	479.080	471.161	0.560	4.280	7.643	104.290
7/28/2010 08:24:11	64.734	489.468	0.607	480.310	472.198	0.560	4.280	7.643	104.250
7/28/2010 08:24:12	65.233	490.466	0.609	480.920	472.565	0.590	4.280	7.254	104.270
7/28/2010 08:24:12	65.733	491.466	0.612	481.630	473.358	0.590	4.280	7.254	104.270
7/28/2010 08:24:13	66.233	492.466	0.612	483.020	474.152	0.600	4.320	7.200	104.360
7/28/2010 08:24:13	66.734	493.468	0.614	483.890	475.372	0.570	4.320	7.579	104.380
7/28/2010 08:24:14	67.233	494.466	0.616	485.010	476.166	0.560	4.300	7.679	104.380
7/28/2010 08:24:14	67.734	495.468	0.618	485.670	477.661	0.560	4.300	7.679	104.350
7/28/2010 08:24:15	68.233	496.466	0.619	486.960	478.821	0.580	4.320	7.448	104.350
7/28/2010 08:24:15	68.733	497.466	0.621	487.640	479.614	0.570	4.320	7.579	104.290
7/28/2010 08:24:16	69.233	498.466	0.621	489.450	479.919	0.620	4.430	7.145	104.460
7/28/2010 08:24:16	69.734	499.468	0.623	490.440	481.049	0.620	4.430	7.145	104.460
7/28/2010 08:24:17	70.233	500.466	0.622	492.340	482.208	0.600	4.410	7.350	104.490
7/28/2010 08:24:17	70.733	501.466	0.622	493.820	483.124	0.610	4.430	7.262	104.460
7/28/2010 08:24:18	71.233	502.466	0.625	494.400	484.406	0.610	4.410	7.230	104.440
7/28/2010 08:24:18	71.734	503.468	0.626	495.580	486.176	0.610	4.410	7.230	104.550
7/28/2010 08:24:19	72.233	504.466	0.627	496.430	487.213	0.580	4.410	7.603	104.490
7/28/2010 08:24:19	72.733	505.466	0.628	497.540	487.885	0.600	4.410	7.350	104.470
7/28/2010 08:24:20	73.233	506.466	0.630	498.240	488.922	0.600	4.410	7.350	104.450
7/28/2010 08:24:20	73.734	507.468	0.630	500.060	490.051	0.600	4.410	7.350	104.550
7/28/2010 08:24:21	74.233	508.466	0.633	500.360	490.692	0.610	4.450	7.295	104.380
7/28/2010 08:24:21	74.733	509.466	0.634	501.550	491.516	0.620	4.450	7.177	104.550
7/28/2010 08:24:22	75.233	510.466	0.634	502.900	492.615	0.630	4.470	7.095	104.540
7/28/2010 08:24:22	75.734	511.468	0.638	502.900	493.347	0.630	4.470	7.095	104.560
7/28/2010 08:24:23	76.233	512.466	0.638	504.340	493.439	0.600	4.470	7.450	104.480
7/28/2010 08:24:23	76.733	513.466	0.641	504.610	494.263	0.600	4.450	7.417	104.500
7/28/2010 08:24:24	77.233	514.466	0.642	505.960	495.117	0.610	4.490	7.361	104.610
7/28/2010 08:24:24	77.734	515.468	0.642	507.290	496.185	0.610	4.490	7.361	104.600
7/28/2010 08:24:25	78.233	516.466	0.645	507.940	497.040	0.630	4.490	7.127	104.640
7/28/2010 08:24:25	78.733	517.466	0.646	508.850	498.596	0.630	4.490	7.127	104.590
7/28/2010 08:24:26	79.233	518.466	0.649	509.400	499.237	0.630	4.490	7.127	104.570
7/28/2010 08:24:26	79.734	519.468	0.650	510.430	499.847	0.610	4.490	7.361	104.580
7/28/2010 08:24:27	80.234	520.468	0.651	511.700	500.610	0.610	4.520	7.410	104.670
7/28/2010 08:24:27	80.733	521.466	0.652	512.740	501.465	0.610	4.520	7.410	104.710
7/28/2010 08:24:28	81.234	522.468	0.655	513.310	502.014	0.620	4.540	7.323	104.700
7/28/2010 08:24:28	81.733	523.466	0.656	514.440	503.174	0.620	4.540	7.323	104.670
7/28/2010 08:24:29	82.234	524.468	0.659	514.610	504.150	0.640	4.540	7.094	104.580
7/28/2010 08:24:29	82.733	525.466	0.660	515.800	504.852	0.620	4.520	7.290	104.720
7/28/2010 08:24:30	83.233	526.466	0.660	517.630	506.104	0.620	4.520	7.290	104.890
7/28/2010 08:24:30	83.734	527.468	0.662	518.660	507.263	0.630	4.620	7.333	104.960
7/28/2010 08:24:31	84.234	528.468	0.661	520.400	508.362	0.640	4.600	7.187	104.850
7/28/2010 08:24:31	84.733	529.466	0.663	521.250	509.338	0.620	4.600	7.419	104.880
7/28/2010 08:24:32	85.233	530.466	0.663	522.840	510.529	0.620	4.600	7.419	104.880
7/28/2010 08:24:32	85.734	531.468	0.664	524.010	511.383	0.620	4.600	7.419	104.780
7/28/2010 08:24:33	86.234	532.468	0.666	524.970	512.482	0.670	4.600	6.866	104.740
7/28/2010 08:24:33	86.733	533.466	0.668	525.520	513.641	0.640	4.600	7.187	104.810
7/28/2010 08:24:34	87.233	534.466	0.670	526.050	514.832	0.640	4.600	7.187	104.870
7/28/2010 08:24:34	87.734	535.468	0.673	526.610	515.869	0.640	4.620	7.219	104.940
7/28/2010 08:24:35	88.234	536.468	0.673	527.900	516.815	0.650	4.640	7.138	104.890
7/28/2010 08:24:35	88.733	537.466	0.675	528.910	517.944	0.660	4.620	7.000	104.900
7/28/2010 08:24:36	89.233	538.466	0.675	530.420	518.585	0.660	4.620	7.000	104.920
7/28/2010 08:24:36	89.734	539.468	0.680	529.930	519.287	0.640	4.640	7.250	104.860
7/28/2010 08:24:37	90.234	540.468	0.681	531.020	520.111	0.650	4.620	7.108	104.870
7/28/2010 08:24:37	90.733	541.466	0.681	532.620	520.782	0.650	4.690	7.215	105.060
7/28/2010 08:24:38	91.233	542.466	0.683	533.660	521.179	0.650	4.690	7.215	104.970
7/28/2010 08:24:38	91.734	543.468	0.684	534.640	522.369	0.690	4.670	6.768	105.020
7/28/2010 08:24:39	92.234	544.468	0.687	534.960	523.041	0.650	4.670	7.185	104.950
7/28/2010 08:24:39	92.733	545.466	0.690	535.530	523.743	0.670	4.670	6.970	104.930
7/28/2010 08:24:40	93.233	546.466	0.692	536.340	524.323	0.670	4.670	6.970	104.930
7/28/2010 08:24:40	93.734	547.468	0.694	536.910	525.299	0.650	4.710	7.246	105.110
7/28/2010 08:24:41	94.234	548.468	0.694	538.610	525.787	0.650	4.690	7.215	105.060
7/28/2010 08:24:41	94.733	549.466	0.698	538.770	526.917	0.650	4.690	7.215	105.060
7/28/2010 08:24:42	95.233	550.466	0.700	539.840	527.832	0.650	4.690	7.215	105.100
7/28/2010 08:24:42	95.734	551.468	0.702	540.360	529.022	0.670	4.690	7.000	105.030
7/28/2010 08:24:43	96.234	552.468	0.702	542.400	529.816	0.670	4.770	7.119	105.290
7/28/2010 08:24:43	96.733	553.466	0.704	543.230	530.151	0.670	4.750	7.090	105.240
7/28/2010 08:24:44	97.233	554.466	0.706	544.090	531.219	0.670	4.750	7.090	105.270
7/28/2010 08:24:44	97.734	555.468	0.707	545.500	532.135	0.650	4.750	7.308	105.300
7/28/2010 08:24:45	98.233	556.466	0.709	546.410	533.478	0.660	4.730	7.167	105.280
7/28/2010 08:24:45	98.733	557.466	0.711	547.240	534.576	0.660	4.730	7.167	105.220
7/28/2010 08:24:46	99.234	558.468	0.711	548.690	536.041	0.660	4.800	7.273	105.380
7/28/2010 08:24:46	99.733	559.466	0.712	550.390	536.743	0.670	4.770	7.119	105.340
7/28/2010 08:24:47	100.234	560.468	0.715	550.660	537.720	0.700	4.770	6.814	105.350
7/28/2010 08:24:47	100.733	561.466	0.714	552.540	538.666	0.700	4.770	6.814	105.320
7/28/2010 08:24:48	101.234	562.468	0.719	552.390	539.825	0.710	4.770	6.718	105.340
7/28/2010 08:24:48	101.733	563.466	0.721	552.870	540.894	0.680	4.750	6.985	105.360
7/28/2010 08:24:49	102.234	564.468	0.722	554.330	542.023	0.680	4.800	7.059	105.480
7/28/2010 08:24:49	102.733	565.466	0.722	556.220	542.816	0.680	4.800	7.059	105.410
7/28/2010 08:24:50	103.234	566.468	0.728	555.390	543.274	0.690	4.770	6.913	105.400
7/28/2010 08:24:50	103.733	567.466	0.727	557.250	544.037	0.690	4.770	6.913	105.430
7/28/2010 08:24:51	104.233	568.466	0.731	557.300	544.861	0.680	4.770	7.015	105.380
7/28/2010 08:24:51	104.733	569.466	0.732	558.600	545.685	0.680	4.770	7.015	105.600
7/28/2010 08:24:52	105.234	570.468	0.735	559.240	546.844	0.720	4.820	6.694	105.470
7/28/2010 08:24:52	105.733	571.466	0.736	560.480	547.668	0.710	4.820	6.789	105.540
7/28/2010 08:24:53	106.233	572.466	0.739	560.840	548.462	0.710	4.820	6.789	105.450
7/28/2010 08:24:53	106.734	573.468	0.741	561.800	549.072	0.670	4.800	7.164	105.440
7/28/2010 08:24:54	107.233	574.466	0.745	562.010	549.957	0.710	4.840	6.817	105.660
7/28/2010 08:24:54	107.733	575.466	0.747	563.110	550.507	0.710	4.840	6.817	105.550
7/28/2010 08:24:55	108.233	576.466	0.749	563.970	551.392	0.710	4.840	6.817	105.510
7/28/2010 08:24:55	108.734	577.468	0.753	564.080	551.697	0.710	4.820	6.789	105.550
7/28/2010 08:24:56	109.233	578.466	0.751	567.110	552.704	0.720	4.880	6.778	105.820
7/28/2010 08:24:56	109.734	579.468	0.753	567.960	553.314	0.720	4.880	6.778	105.760
7/28/2010 08:24:57	110.233	580.466	0.754	569.480	554.047	0.720	4.880	6.778	105.730
7/28/2010 08:24:57	110.734	581.468	0.756	570.320	555.298	0.720	4.880	6.778	105.800
7/28/2010 08:24:58	111.233	582.466	0.759	571.060	556.885	0.730	4.860	6.658	105.760
7/28/2010 08:24:58	111.734	583.468	0.761	571.700	557.953	0.720	4.860	6.750	105.680
7/28/2010 08:24:59	112.233	584.466	0.762	573.160	559.235	0.720	4.860	6.750	105.820
7/28/2010 08:24:59	112.734	585.468	0.765	573.720	560.303	0.750	4.900	6.533	105.880
7/28/2010 08:25:00	113.233	586.466	0.767	574.640	561.066	0.720	4.880	6.778	105.810
7/28/2010 08:25:00	113.734	587.468	0.768	575.960	561.401	0.730	4.840	6.630	105.770
7/28/2010 08:25:01	114.233	588.466	0.771	576.670	562.439	0.730	4.840	6.630	105.780
7/28/2010 08:25:01	114.734	589.468	0.772	578.010	563.110	0.720	4.900	6.806	105.930
7/28/2010 08:25:02	115.233	590.466	0.776	578.450	563.812	0.720	4.860	6.750	105.890
7/28/2010 08:25:02	115.734	591.468	0.779	578.550	564.667	0.730	4.880	6.685	105.870
7/28/2010 08:25:03	116.233	592.466	0.781	579.800	565.826	0.730	4.880	6.685	105.860
7/28/2010 08:25:03	116.734	593.468	0.781	581.520	566.284	0.720	4.920	6.833	105.980
7/28/2010 08:25:04	117.233	594.466	0.785	582.040	566.010	0.750	4.920	6.560	105.970
7/28/2010 08:25:04	117.734	595.468	0.787	582.840	567.230	0.770	4.900	6.364	105.950
7/28/2010 08:25:05	118.233	596.466	0.792	582.760	567.780	0.770	4.900	6.364	105.930
7/28/2010 08:25:05	118.734	597.468	0.787	586.520	568.634	0.760	4.990	6.566	106.270
7/28/2010 08:25:06	119.233	598.466	0.798	584.150	569.458	0.730	4.880	6.685	105.890
7/28/2010 08:25:06	119.734	599.468	0.791	588.850	571.381	0.730	4.880	6.685	106.250
7/28/2010 08:25:07	120.234	600.468	0.793	589.920	571.747	0.750	5.030	6.707	106.390
7/28/2010 08:25:07	120.733	601.466	0.794	591.190	572.937	0.770	5.010	6.506	106.300
7/28/2010 08:25:08	121.233	602.466	0.797	591.920	573.914	0.760	4.990	6.566	106.240
7/28/2010 08:25:08	121.734	603.468	0.800	592.090	575.195	0.750	4.990	6.653	106.210
7/28/2010 08:25:09	122.233	604.466	0.798	594.580	576.324	0.750	4.990	6.653	106.450
7/28/2010 08:25:09	122.734	605.468	0.805	593.520	577.820	0.760	4.970	6.539	106.190
7/28/2010 08:25:10	123.233	606.466	0.803	596.170	578.491	0.760	4.990	6.566	106.360
7/28/2010 08:25:10	123.734	607.468	0.809	595.340	579.498	0.760	4.990	6.566	106.300
7/28/2010 08:25:11	124.234	608.468	0.810	596.880	580.292	0.760	4.970	6.539	106.320
7/28/2010 08:25:11	124.733	609.466	0.815	596.590	580.994	0.790	4.970	6.291	106.230
7/28/2010 08:25:12	125.233	610.466	0.816	597.970	581.390	0.790	4.970	6.291	106.450
7/28/2010 08:25:12	125.734	611.468	0.817	599.320	582.214	0.780	5.010	6.423	106.380
7/28/2010 08:25:13	126.233	612.466	0.822	599.100	582.458	0.760	4.990	6.566	106.400
7/28/2010 08:25:13	126.733	613.466	0.822	601.030	583.069	0.800	5.010	6.262	106.460
7/28/2010 08:25:14	127.234	614.468	0.824	602.010	583.466	0.800	5.010	6.262	106.460
7/28/2010 08:25:14	127.733	615.466	0.828	602.150	584.381	0.780	5.010	6.423	106.440
7/28/2010 08:25:15	128.233	616.466	0.830	603.270	585.388	0.780	5.010	6.423	106.460
7/28/2010 08:25:15	128.734	617.468	0.833	603.910	586.243	0.780	5.010	6.423	106.490
7/28/2010 08:25:16	129.234	618.468	0.834	605.320	586.792	0.800	5.030	6.287	106.660
7/28/2010 08:25:16	129.733	619.466	0.838	605.620	587.677	0.800	5.030	6.287	106.610
7/28/2010 08:25:17	130.233	620.466	0.841	606.320	588.654	0.800	5.030	6.287	106.550
7/28/2010 08:25:17	130.734	621.468	0.841	608.080	588.745	0.810	5.070	6.259	106.950
7/28/2010 08:25:18	131.234	622.468	0.842	610.000	589.813	0.830	5.050	6.084	106.810
7/28/2010 08:25:18	131.733	623.466	0.845	610.630	590.790	0.790	5.050	6.392	106.790
7/28/2010 08:25:19	132.233	624.466	0.846	612.100	591.949	0.790	5.050	6.392	106.780
7/28/2010 08:25:19	132.734	625.468	0.852	611.500	592.682	0.800	5.030	6.287	106.620
7/28/2010 08:25:20	133.234	626.468	0.853	612.860	594.147	0.800	5.030	6.287	106.800
7/28/2010 08:25:20	133.733	627.466	0.856	613.590	594.788	0.850	5.030	5.918	106.750
7/28/2010 08:25:21	134.233	628.466	0.858	614.740	595.551	0.850	5.030	5.918	106.710
7/28/2010 08:25:21	134.734	629.468	0.863	614.650	596.313	0.810	5.010	6.185	106.700
7/28/2010 08:25:22	135.234	630.468	0.864	616.000	596.954	0.830	5.030	6.060	106.870
7/28/2010 08:25:22	135.733	631.466	0.867	616.850	597.809	0.840	5.030	5.988	106.820
7/28/2010 08:25:23	136.233	632.466	0.870	617.310	598.724	0.840	5.030	5.988	106.840
7/28/2010 08:25:23	136.733	633.466	0.874	617.990	599.548	0.860	5.010	5.826	106.810
7/28/2010 08:25:24	137.234	634.468	0.877	618.550	599.976	0.820	5.010	6.110	106.890
7/28/2010 08:25:24	137.733	635.466	0.879	619.810	600.800	0.830	5.030	6.060	106.870
7/28/2010 08:25:25	138.234	636.468	0.883	620.060	601.257	0.830	5.030	6.060	106.920
7/28/2010 08:25:25	138.733	637.466	0.880	623.540	601.837	0.850	5.070	5.965	107.350
7/28/2010 08:25:26	139.234	638.468	0.883	624.580	602.509	0.870	5.070	5.828	107.190
7/28/2010 08:25:26	139.733	639.466	0.889	624.200	603.271	0.860	5.050	5.872	107.100
7/28/2010 08:25:27	140.234	640.468	0.892	624.680	604.156	0.860	5.050	5.872	107.140
7/28/2010 08:25:27	140.733	641.466	0.893	626.460	604.889	0.870	5.030	5.782	107.170
7/28/2010 08:25:28	141.234	642.468	0.898	626.230	605.652	0.860	5.030	5.849	107.040
7/28/2010 08:25:28	141.733	643.466	0.899	627.740	606.720	0.850	5.030	5.918	107.120
7/28/2010 08:25:29	142.234	644.468	0.904	627.840	607.788	0.850	5.030	5.918	107.080
7/28/2010 08:25:29	142.733	645.466	0.905	629.700	608.643	0.870	5.050	5.805	107.260
7/28/2010 08:25:30	143.234	646.468	0.911	629.290	609.650	0.850	5.050	5.941	107.080
7/28/2010 08:25:30	143.733	647.466	0.912	630.940	610.718	0.850	5.050	5.941	107.400
7/28/2010 08:25:31	144.233	648.466	0.914	632.150	611.359	0.870	5.050	5.805	107.360
7/28/2010 08:25:31	144.733	649.466	0.919	632.380	612.274	0.880	5.010	5.693	107.230
7/28/2010 08:25:32	145.233	650.466	0.924	632.280	612.823	0.870	5.030	5.782	107.190
7/28/2010 08:25:32	145.733	651.466	0.920	636.340	613.342	0.870	5.030	5.782	107.490
7/28/2010 08:25:33	146.233	652.466	0.932	633.480	613.739	0.870	5.010	5.759	107.080
7/28/2010 08:25:33	146.734	653.468	0.925	638.330	614.288	0.910	5.070	5.571	107.640
7/28/2010 08:25:34	147.234	654.468	0.935	636.610	614.655	0.900	5.010	5.567	107.340
7/28/2010 08:25:34	147.733	655.466	0.936	638.180	614.960	0.900	5.010	5.567	107.570
7/28/2010 08:25:35	148.234	656.468	0.940	638.820	615.997	0.910	5.030	5.527	107.410
7/28/2010 08:25:35	148.734	657.468	0.944	639.220	616.852	0.910	5.030	5.527	107.490
7/28/2010 08:25:36	149.234	658.468	0.941	642.640	617.645	0.910	5.070	5.571	107.650
7/28/2010 08:25:36	149.733	659.466	0.947	642.610	618.500	0.910	5.070	5.571	107.620
7/28/2010 08:25:37	150.233	660.466	0.951	643.180	619.629	0.910	5.070	5.571	107.590
7/28/2010 08:25:37	150.734	661.468	0.953	644.560	620.087	0.930	5.070	5.452	107.790
7/28/2010 08:25:38	151.233	662.466	0.957	644.820	620.575	0.910	5.070	5.571	107.670
7/28/2010 08:25:38	151.733	663.466	0.960	645.670	621.368	0.910	5.050	5.549	107.640
7/28/2010 08:25:39	152.233	664.466	0.963	646.750	622.101	0.910	5.050	5.549	107.750
7/28/2010 08:25:39	152.734	665.468	0.969	646.610	622.955	0.920	5.050	5.489	107.660
7/28/2010 08:25:40	153.233	666.466	0.972	647.250	623.657	0.930	5.050	5.430	107.680
7/28/2010 08:25:40	153.733	667.466	0.969	650.900	624.664	0.960	5.100	5.312	107.990
7/28/2010 08:25:41	154.233	668.466	0.980	648.750	625.397	0.960	5.100	5.312	107.630
7/28/2010 08:25:41	154.734	669.468	0.974	653.400	626.221	0.950	5.120	5.389	108.170
7/28/2010 08:25:42	155.233	670.466	0.981	652.910	627.075	0.950	5.070	5.337	107.930
7/28/2010 08:25:42	155.733	671.466	0.983	654.270	628.296	0.960	5.070	5.281	108.170
7/28/2010 08:25:43	156.233	672.466	0.987	654.690	629.059	0.960	5.070	5.281	108.030
7/28/2010 08:25:43	156.734	673.468	0.988	656.670	629.944	0.940	5.070	5.394	108.070
7/28/2010 08:25:44	157.233	674.466	0.995	655.770	630.615	0.950	5.070	5.337	107.880
7/28/2010 08:25:44	157.733	675.466	0.997	657.090	631.531	0.950	5.070	5.337	108.010
7/28/2010 08:25:45	158.234	676.468	1.003	656.900	632.111	0.970	5.050	5.206	107.930
7/28/2010 08:25:45	158.734	677.468	1.001	660.160	633.148	0.960	5.100	5.312	108.160
7/28/2010 08:25:46	159.233	678.466	1.008	659.540	633.820	0.980	5.070	5.173	108.140
7/28/2010 08:25:46	159.733	679.466	1.012	660.030	634.705	0.980	5.070	5.173	108.120
7/28/2010 08:25:47	160.233	680.466	1.011	662.780	635.193	0.980	5.070	5.173	108.430
7/28/2010 08:25:47	160.734	681.468	1.013	664.210	636.139	0.980	5.100	5.204	108.430
7/28/2010 08:25:48	161.233	682.466	1.020	663.760	637.115	0.990	5.100	5.152	108.260
7/28/2010 08:25:48	161.733	683.466	1.022	664.750	638.092	0.990	5.100	5.152	108.320
7/28/2010 08:25:49	162.234	684.468	1.024	666.590	639.069	1.000	5.100	5.100	108.470
7/28/2010 08:25:49	162.734	685.468	1.031	665.850	640.015	0.990	5.070	5.121	108.390
7/28/2010 08:25:50	163.233	686.466	1.033	667.300	640.594	1.000	5.100	5.100	108.450
7/28/2010 08:25:50	163.733	687.466	1.035	668.600	641.235	1.000	5.100	5.100	108.390
7/28/2010 08:25:51	164.234	688.468	1.041	668.660	642.029	1.000	5.070	5.070	108.390
7/28/2010 08:25:51	164.734	689.468	1.041	670.910	642.517	1.000	5.100	5.100	108.580
7/28/2010 08:25:52	165.233	690.466	1.046	671.150	643.158	1.010	5.070	5.020	108.570
7/28/2010 08:25:52	165.733	691.466	1.050	671.590	643.768	1.010	5.070	5.020	108.570
7/28/2010 08:25:53	166.234	692.468	1.048	674.990	644.226	1.030	5.100	4.951	108.770
7/28/2010 08:25:53	166.734	693.468	1.059	672.790	644.958	1.010	5.050	5.000	108.380
7/28/2010 08:25:54	167.233	694.466	1.057	675.900	645.691	1.030	5.070	4.922	108.850
7/28/2010 08:25:54	167.733	695.466	1.065	674.850	646.027	1.030	5.070	4.922	108.620
7/28/2010 08:25:55	168.234	696.468	1.062	678.410	646.271	1.030	5.070	4.922	108.940
7/28/2010 08:25:55	168.734	697.468	1.071	677.130	647.064	1.030	5.070	4.922	108.780
7/28/2010 08:25:56	169.233	698.466	1.072	678.800	647.491	1.030	5.070	4.922	108.850
7/28/2010 08:25:56	169.734	699.468	1.075	680.080	648.285	1.040	5.070	4.875	108.890
7/28/2010 08:25:57	170.233	700.466	1.080	680.080	649.506	1.040	5.050	4.856	108.860
7/28/2010 08:25:57	170.734	701.468	1.082	682.010	650.757	1.050	5.070	4.829	108.970
7/28/2010 08:25:58	171.233	702.466	1.087	682.180	651.093	1.050	5.070	4.829	108.920
7/28/2010 08:25:58	171.734	703.468	1.094	681.600	651.947	1.060	5.030	4.745	109.010
7/28/2010 08:25:59	172.233	704.466	1.092	684.790	652.802	1.060	5.070	4.783	109.080
7/28/2010 08:25:59	172.734	705.468	1.100	684.120	653.412	1.060	5.050	4.764	109.070
7/28/2010 08:26:00	173.233	706.466	1.105	684.110	654.114	1.060	5.050	4.764	108.930
7/28/2010 08:26:00	173.734	707.468	1.102	688.040	654.999	1.080	5.100	4.722	109.270
7/28/2010 08:26:01	174.233	708.466	1.107	688.360	655.396	1.070	5.030	4.701	109.260
7/28/2010 08:26:01	174.734	709.468	1.113	688.360	655.884	1.090	5.050	4.633	109.270
7/28/2010 08:26:02	175.233	710.466	1.115	689.920	656.433	1.090	5.050	4.633	109.250
7/28/2010 08:26:02	175.734	711.468	1.118	691.150	657.074	1.090	5.070	4.651	109.210
7/28/2010 08:26:03	176.233	712.466	1.122	691.740	657.898	1.070	5.050	4.720	109.240
7/28/2010 08:26:03	176.734	713.468	1.125	693.060	658.691	1.080	5.010	4.639	109.390
7/28/2010 08:26:04	177.233	714.466	1.130	693.270	659.546	1.080	5.010	4.639	109.200
7/28/2010 08:26:04	177.734	715.468	1.129	696.100	660.126	1.100	5.070	4.609	109.610
7/28/2010 08:26:05	178.234	716.468	1.141	693.820	660.583	1.090	5.030	4.615	109.290
7/28/2010 08:26:05	178.733	717.466	1.131	700.030	661.438	1.090	5.030	4.615	109.790
7/28/2010 08:26:06	179.234	718.468	1.146	696.540	662.384	1.090	5.050	4.633	109.380
7/28/2010 08:26:06	179.733	719.466	1.143	700.090	662.689	1.110	5.050	4.550	109.760
7/28/2010 08:26:07	180.234	720.468	1.150	699.720	663.727	1.110	5.050	4.550	109.620
7/28/2010 08:26:07	180.733	721.466	1.156	699.170	664.825	1.110	5.050	4.550	109.470
7/28/2010 08:26:08	181.234	722.468	1.154	702.580	665.253	1.130	5.050	4.469	109.690
7/28/2010 08:26:08	181.733	723.466	1.161	702.260	665.466	1.120	5.050	4.509	109.580
7/28/2010 08:26:09	182.234	724.468	1.160	705.190	666.504	1.120	5.050	4.509	109.730
7/28/2010 08:26:09	182.734	725.468	1.171	703.180	666.992	1.120	5.030	4.491	109.560
7/28/2010 08:26:10	183.233	726.466	1.169	706.260	667.572	1.110	5.050	4.550	109.940
7/28/2010 08:26:10	183.733	727.466	1.181	703.740	668.121	1.120	5.050	4.509	109.580
7/28/2010 08:26:11	184.234	728.468	1.174	709.070	669.098	1.130	5.070	4.487	110.020
7/28/2010 08:26:11	184.733	729.466	1.185	706.970	669.586	1.130	5.070	4.487	109.670
7/28/2010 08:26:12	185.234	730.468	1.187	708.310	670.013	1.140	5.050	4.430	109.850
7/28/2010 08:26:12	185.733	731.466	1.194	708.260	670.654	1.140	5.050	4.430	109.780
7/28/2010 08:26:13	186.234	732.468	1.186	713.910	671.600	1.170	5.070	4.333	110.310
7/28/2010 08:26:13	186.734	733.468	1.207	708.060	672.272	1.130	5.010	4.434	109.660
7/28/2010 08:26:14	187.233	734.466	1.192	716.290	672.913	1.160	5.070	4.371	110.320
7/28/2010 08:26:14	187.733	735.466	1.205	713.930	673.828	1.140	5.050	4.430	109.950
7/28/2010 08:26:15	188.234	736.468	1.206	715.820	674.225	1.140	5.050	4.430	110.290
7/28/2010 08:26:15	188.734	737.468	1.211	716.070	674.835	1.180	5.030	4.263	110.030
7/28/2010 08:26:16	189.233	738.466	1.211	718.680	675.598	1.160	5.050	4.353	110.260
7/28/2010 08:26:16	189.733	739.466	1.217	718.660	676.270	1.160	5.050	4.353	110.050
7/28/2010 08:26:17	190.234	740.468	1.224	718.000	676.758	1.170	5.030	4.299	110.040
7/28/2010 08:26:17	190.733	741.466	1.221	721.510	677.460	1.190	5.050	4.244	110.330
7/28/2010 08:26:18	191.233	742.466	1.230	720.690	677.826	1.180	5.030	4.263	110.130
7/28/2010 08:26:18	191.733	743.466	1.237	720.030	678.040	1.180	5.030	4.263	110.120
7/28/2010 08:26:19	192.234	744.468	1.228	726.070	678.741	1.200	5.050	4.208	110.570
7/28/2010 08:26:19	192.733	745.466	1.248	720.460	679.718	1.180	4.990	4.229	109.910
7/28/2010 08:26:20	193.233	746.466	1.238	727.090	680.389	1.200	5.050	4.208	110.540
7/28/2010 08:26:20	193.734	747.468	1.251	724.290	681.091	1.200	5.050	4.208	110.120
7/28/2010 08:26:21	194.234	748.468	1.245	729.010	682.007	1.210	5.050	4.174	110.670
7/28/2010 08:26:21	194.733	749.466	1.259	726.060	682.373	1.200	5.010	4.175	110.290
7/28/2010 08:26:22	195.233	750.000	1.256	729.060	682.465	1.220	5.030	4.123	110.450
