==Experiment Metadata==
Software Version::TPD Controller v1.2
Data Saved::Wed, Jul 28, 2010 08:43:05
Sample::JRS0035
Experimenter Name::CHeidelberger
Experiment Type::TPD
Chamber::Prep
Thermocouple Type::K
Notes::Control, no H

==Hardware Parameters==
Start Time::Wed, Jul 28, 2010 08:40:30
Data Points::217
Sample Start Temperature (Thermocouple) [C]::98.90800
Current Limit [A]::4.00000
Temperature Limit [C]::900.00000
Voltage Limit [V]::20.00000
PID Calculates::Current

==PID Gain Schedule==
Kc	Ti[minutes]	Td[minutes]	MaxTemperature[C]
0.0020000	0.1000000	0.0010000	0.00

==Temperature Schedule==
Time[s]	TemperatureSetpoint[C]
0.00	400.00
20.00	400.00
107.50	750.00

==Data==
DateStamp	ElapsedTime[s]	TemperatureSetpoint[C]	CurrentSetpoint[A]	ThermocoupleTemperature[C]	PyrometerTemperature[C]	MeasuredCurrent[A]	MeasuredVoltage[V]	MeasuredResistance[ohms]	StageTemperature[C]
7/28/2010 08:40:30	0.000	400.000	0.602	98.908	617.462	0.000	0.050	Inf	99.789
7/28/2010 08:40:30	0.394	400.000	0.609	112.450	545.471	0.000	0.050	Inf	99.789
7/28/2010 08:40:31	0.894	400.000	0.643	120.190	470.428	0.600	3.420	5.700	101.730
7/28/2010 08:40:31	1.394	400.000	0.649	138.490	394.684	0.620	3.660	5.903	102.010
7/28/2010 08:40:32	1.894	400.000	0.656	156.470	320.770	0.600	3.660	6.100	102.030
7/28/2010 08:40:32	2.393	400.000	0.659	174.150	324.005	0.600	3.660	6.100	102.080
7/28/2010 08:40:33	2.894	400.000	0.661	191.470	323.059	0.640	3.760	5.875	102.080
7/28/2010 08:40:33	3.393	400.000	0.659	209.120	323.242	0.630	3.940	6.254	102.250
7/28/2010 08:40:34	3.894	400.000	0.656	226.080	322.906	0.630	3.890	6.175	102.210
7/28/2010 08:40:34	4.393	400.000	0.653	241.310	322.754	0.630	3.890	6.175	102.120
7/28/2010 08:40:35	4.894	400.000	0.648	256.530	321.838	0.620	3.980	6.419	102.170
7/28/2010 08:40:35	5.393	400.000	0.643	270.680	320.251	0.610	3.960	6.492	102.170
7/28/2010 08:40:36	5.894	400.000	0.636	284.080	321.259	0.640	3.980	6.219	102.170
7/28/2010 08:40:36	6.393	400.000	0.630	296.330	323.914	0.640	3.980	6.219	102.070
7/28/2010 08:40:37	6.894	400.000	0.623	308.320	329.071	0.590	3.940	6.678	102.130
7/28/2010 08:40:37	7.393	400.000	0.615	319.320	331.543	0.600	3.940	6.567	102.030
7/28/2010 08:40:38	7.894	400.000	0.609	329.040	339.386	0.580	3.870	6.672	101.990
7/28/2010 08:40:38	8.393	400.000	0.604	337.440	345.184	0.580	3.870	6.672	101.880
7/28/2010 08:40:39	8.894	400.000	0.597	345.710	351.044	0.550	3.850	7.000	101.890
7/28/2010 08:40:39	9.393	400.000	0.592	352.560	352.570	0.540	3.830	7.093	101.830
7/28/2010 08:40:40	9.894	400.000	0.586	359.460	357.727	0.590	3.810	6.458	101.840
7/28/2010 08:40:40	10.393	400.000	0.581	365.220	360.626	0.590	3.810	6.458	101.810
7/28/2010 08:40:41	10.894	400.000	0.575	370.660	366.730	0.560	3.790	6.768	101.790
7/28/2010 08:40:41	11.393	400.000	0.570	375.690	373.718	0.560	3.740	6.679	101.740
7/28/2010 08:40:42	11.894	400.000	0.567	379.010	379.822	0.520	3.660	7.038	101.650
7/28/2010 08:40:42	12.393	400.000	0.563	382.640	386.139	0.520	3.660	7.038	101.640
7/28/2010 08:40:43	12.894	400.000	0.559	385.770	391.052	0.540	3.680	6.815	101.630
7/28/2010 08:40:43	13.393	400.000	0.556	388.730	394.440	0.500	3.610	7.220	101.550
7/28/2010 08:40:44	13.893	400.000	0.553	391.190	396.454	0.500	3.610	7.220	101.560
7/28/2010 08:40:44	14.394	400.000	0.549	393.810	399.323	0.520	3.610	6.942	101.580
7/28/2010 08:40:45	14.893	400.000	0.546	395.590	400.085	0.500	3.570	7.140	101.510
7/28/2010 08:40:45	15.393	400.000	0.543	397.310	401.642	0.500	3.570	7.140	101.500
7/28/2010 08:40:46	15.893	400.000	0.541	398.710	403.442	0.500	3.570	7.140	101.520
7/28/2010 08:40:46	16.394	400.000	0.538	400.300	405.487	0.520	3.570	6.865	101.480
7/28/2010 08:40:47	16.893	400.000	0.536	401.290	407.166	0.480	3.550	7.396	101.460
7/28/2010 08:40:47	17.393	400.000	0.533	402.490	408.722	0.480	3.550	7.396	101.470
7/28/2010 08:40:48	17.894	400.000	0.531	403.270	410.126	0.500	3.530	7.060	101.440
7/28/2010 08:40:48	18.393	400.000	0.529	403.950	410.492	0.500	3.530	7.060	101.460
7/28/2010 08:40:49	18.893	400.000	0.528	404.350	410.339	0.480	3.440	7.167	101.370
7/28/2010 08:40:49	19.393	400.000	0.527	404.540	411.194	0.510	3.460	6.784	101.300
7/28/2010 08:40:50	19.893	400.000	0.526	404.460	411.652	0.510	3.460	6.784	101.330
7/28/2010 08:40:50	20.394	401.576	0.528	404.520	412.048	0.510	3.460	6.784	101.320
7/28/2010 08:40:51	20.893	403.572	0.532	404.480	411.987	0.470	3.510	7.468	101.340
7/28/2010 08:40:51	21.393	405.572	0.534	405.480	411.835	0.470	3.510	7.468	101.490
7/28/2010 08:40:52	21.894	407.576	0.536	406.370	411.835	0.510	3.590	7.039	101.460
7/28/2010 08:40:52	22.393	409.572	0.539	407.310	413.086	0.500	3.590	7.180	101.460
7/28/2010 08:40:53	22.893	411.572	0.541	408.330	414.062	0.510	3.590	7.039	101.470
7/28/2010 08:40:53	23.394	413.576	0.544	409.260	414.825	0.540	3.660	6.778	101.510
7/28/2010 08:40:54	23.894	415.576	0.546	410.680	416.534	0.540	3.660	6.778	101.510
7/28/2010 08:40:54	24.394	417.576	0.549	411.570	417.542	0.520	3.660	7.038	101.530
7/28/2010 08:40:55	24.893	419.572	0.552	412.760	417.847	0.540	3.660	6.778	101.530
7/28/2010 08:40:55	25.394	421.576	0.554	414.010	418.121	0.540	3.660	6.778	101.570
7/28/2010 08:40:56	25.894	423.576	0.556	415.740	419.617	0.510	3.700	7.255	101.570
7/28/2010 08:40:56	26.393	425.572	0.559	417.170	420.471	0.510	3.720	7.294	101.570
7/28/2010 08:40:57	26.893	427.572	0.562	418.010	420.959	0.510	3.720	7.294	101.530
7/28/2010 08:40:57	27.394	429.576	0.564	419.780	422.882	0.550	3.760	6.836	101.590
7/28/2010 08:40:58	27.894	431.576	0.567	421.490	424.377	0.520	3.760	7.231	101.570
7/28/2010 08:40:58	28.393	433.572	0.570	422.530	425.812	0.540	3.760	6.963	101.650
7/28/2010 08:40:59	28.893	435.572	0.572	424.700	427.185	0.540	3.870	7.167	101.710
7/28/2010 08:40:59	29.394	437.576	0.573	426.750	429.047	0.550	3.870	7.036	101.710
7/28/2010 08:41:00	29.893	439.572	0.575	428.820	430.359	0.550	3.870	7.036	101.710
7/28/2010 08:41:00	30.394	441.576	0.577	430.720	431.915	0.530	3.850	7.264	101.670
7/28/2010 08:41:01	30.893	443.572	0.579	432.460	433.411	0.560	3.850	6.875	101.710
7/28/2010 08:41:01	31.394	445.576	0.583	433.760	435.181	0.550	3.850	7.000	101.690
7/28/2010 08:41:02	31.893	447.572	0.586	435.350	436.829	0.550	3.850	7.000	101.800
7/28/2010 08:41:02	32.394	449.576	0.588	436.950	438.446	0.530	3.910	7.377	101.780
7/28/2010 08:41:03	32.893	451.572	0.591	438.560	439.789	0.550	3.910	7.109	101.700
7/28/2010 08:41:03	33.394	453.576	0.593	440.610	441.345	0.590	3.960	6.712	101.790
7/28/2010 08:41:04	33.893	455.572	0.596	442.370	443.176	0.590	3.960	6.712	101.780
7/28/2010 08:41:04	34.394	457.576	0.600	443.730	444.946	0.570	3.940	6.912	101.810
7/28/2010 08:41:05	34.893	459.572	0.603	445.180	446.747	0.560	3.960	7.071	101.820
7/28/2010 08:41:05	35.394	461.576	0.605	447.270	448.700	0.570	4.000	7.018	101.870
7/28/2010 08:41:06	35.893	463.572	0.608	449.060	450.653	0.570	4.000	7.018	101.850
7/28/2010 08:41:06	36.394	465.576	0.611	450.720	452.332	0.570	4.000	7.018	101.870
7/28/2010 08:41:07	36.893	467.572	0.614	452.600	453.308	0.590	4.040	6.847	101.930
7/28/2010 08:41:07	37.394	469.576	0.617	454.240	454.895	0.590	4.040	6.847	101.910
7/28/2010 08:41:08	37.893	471.572	0.619	456.460	456.635	0.590	4.040	6.847	101.950
7/28/2010 08:41:08	38.394	473.576	0.624	457.430	458.099	0.580	4.070	7.017	101.910
7/28/2010 08:41:09	38.893	475.572	0.626	459.800	459.412	0.600	4.130	6.883	102.000
7/28/2010 08:41:09	39.394	477.576	0.628	461.950	461.792	0.600	4.130	6.883	102.050
7/28/2010 08:41:10	39.894	479.576	0.632	463.580	463.470	0.610	4.130	6.770	102.030
7/28/2010 08:41:10	40.393	481.572	0.633	465.910	464.752	0.580	4.170	7.190	102.120
7/28/2010 08:41:11	40.893	483.572	0.636	468.100	467.041	0.590	4.150	7.034	102.120
7/28/2010 08:41:11	41.394	485.576	0.638	470.260	469.513	0.610	4.170	6.836	102.060
7/28/2010 08:41:12	41.893	487.572	0.642	471.640	471.283	0.610	4.170	6.836	102.050
7/28/2010 08:41:12	42.394	489.576	0.644	473.910	473.450	0.610	4.220	6.918	102.150
7/28/2010 08:41:13	42.893	491.572	0.647	475.760	475.891	0.620	4.220	6.806	102.140
7/28/2010 08:41:13	43.393	493.572	0.650	477.490	477.448	0.620	4.220	6.806	102.130
7/28/2010 08:41:14	43.894	495.576	0.653	479.510	478.760	0.620	4.240	6.839	102.190
7/28/2010 08:41:14	44.393	497.572	0.656	481.390	480.011	0.600	4.240	7.067	102.180
7/28/2010 08:41:15	44.893	499.572	0.659	483.270	481.781	0.600	4.240	7.067	102.220
7/28/2010 08:41:15	45.394	501.576	0.662	485.160	483.582	0.590	4.240	7.186	102.230
7/28/2010 08:41:16	45.893	503.572	0.663	487.680	484.985	0.640	4.320	6.750	102.340
7/28/2010 08:41:16	46.393	505.572	0.666	489.440	486.877	0.640	4.300	6.719	102.300
7/28/2010 08:41:17	46.893	507.572	0.670	490.950	489.227	0.620	4.300	6.935	102.370
7/28/2010 08:41:17	47.394	509.576	0.671	493.740	490.814	0.620	4.300	6.935	102.390
7/28/2010 08:41:18	47.894	511.576	0.674	495.730	493.073	0.650	4.320	6.646	102.420
7/28/2010 08:41:18	48.393	513.572	0.677	497.330	495.453	0.650	4.320	6.646	102.370
7/28/2010 08:41:19	48.894	515.576	0.681	498.740	497.772	0.640	4.320	6.750	102.390
7/28/2010 08:41:19	49.393	517.572	0.683	501.080	499.908	0.650	4.370	6.723	102.500
7/28/2010 08:41:20	49.893	519.572	0.687	502.490	501.923	0.650	4.370	6.723	102.450
7/28/2010 08:41:20	50.394	521.576	0.690	504.580	503.174	0.630	4.390	6.968	102.450
7/28/2010 08:41:21	50.894	523.576	0.695	505.740	504.730	0.630	4.340	6.889	102.420
7/28/2010 08:41:21	51.393	525.572	0.697	507.820	506.134	0.660	4.390	6.652	102.480
7/28/2010 08:41:22	51.893	527.572	0.702	509.210	507.812	0.660	4.390	6.652	102.530
7/28/2010 08:41:22	52.394	529.576	0.703	511.900	509.705	0.670	4.470	6.672	102.660
7/28/2010 08:41:23	52.894	531.576	0.706	513.790	511.566	0.670	4.450	6.642	102.660
7/28/2010 08:41:23	53.393	533.572	0.709	515.840	513.672	0.650	4.470	6.877	102.650
7/28/2010 08:41:24	53.893	535.572	0.713	517.560	515.686	0.650	4.470	6.877	102.650
7/28/2010 08:41:24	54.394	537.576	0.717	519.150	517.090	0.680	4.470	6.574	102.680
7/28/2010 08:41:25	54.894	539.576	0.718	521.750	519.287	0.680	4.470	6.574	102.760
7/28/2010 08:41:25	55.393	541.572	0.724	522.670	521.179	0.680	4.470	6.574	102.740
7/28/2010 08:41:26	55.893	543.572	0.726	525.030	522.980	0.680	4.470	6.574	102.750
7/28/2010 08:41:26	56.394	545.576	0.730	526.680	524.689	0.670	4.490	6.701	102.780
7/28/2010 08:41:27	56.894	547.576	0.735	527.880	526.947	0.690	4.490	6.507	102.800
7/28/2010 08:41:27	57.393	549.572	0.737	530.160	528.290	0.710	4.520	6.366	102.890
7/28/2010 08:41:28	57.893	551.572	0.742	531.730	529.541	0.710	4.520	6.366	102.870
7/28/2010 08:41:28	58.394	553.576	0.746	533.370	531.158	0.710	4.580	6.451	102.900
7/28/2010 08:41:29	58.894	555.576	0.751	534.600	532.990	0.710	4.540	6.394	102.920
7/28/2010 08:41:29	59.393	557.572	0.751	538.110	534.912	0.730	4.600	6.301	103.120
7/28/2010 08:41:30	59.894	559.576	0.756	539.210	536.774	0.730	4.600	6.301	103.070
7/28/2010 08:41:30	60.393	561.572	0.758	541.770	539.093	0.710	4.580	6.451	103.060
7/28/2010 08:41:31	60.894	563.576	0.762	543.390	541.107	0.720	4.580	6.361	103.080
7/28/2010 08:41:31	61.393	565.572	0.766	545.290	542.542	0.720	4.600	6.389	103.160
7/28/2010 08:41:32	61.894	567.576	0.771	546.620	544.434	0.720	4.600	6.389	103.130
7/28/2010 08:41:32	62.393	569.572	0.773	548.960	546.387	0.730	4.620	6.329	103.260
7/28/2010 08:41:33	62.894	571.576	0.777	551.080	548.065	0.720	4.620	6.417	103.200
7/28/2010 08:41:33	63.393	573.572	0.782	552.070	549.622	0.710	4.600	6.479	103.190
7/28/2010 08:41:34	63.894	575.576	0.787	553.540	551.575	0.710	4.600	6.479	103.370
7/28/2010 08:41:34	64.393	577.572	0.793	554.630	552.948	0.740	4.640	6.270	103.270
7/28/2010 08:41:35	64.894	579.576	0.794	557.620	554.321	0.760	4.690	6.171	103.470
7/28/2010 08:41:35	65.393	581.572	0.797	560.020	556.366	0.760	4.690	6.171	103.550
7/28/2010 08:41:36	65.894	583.576	0.801	561.690	558.319	0.760	4.690	6.171	103.420
7/28/2010 08:41:36	66.393	585.572	0.804	564.010	560.516	0.750	4.690	6.253	103.620
7/28/2010 08:41:37	66.894	587.576	0.809	565.550	562.714	0.780	4.640	5.949	103.490
7/28/2010 08:41:37	67.393	589.572	0.814	566.820	564.728	0.750	4.690	6.253	103.540
7/28/2010 08:41:38	67.894	591.576	0.819	568.110	566.345	0.750	4.690	6.253	103.570
7/28/2010 08:41:38	68.393	593.572	0.823	570.050	568.115	0.770	4.710	6.117	103.560
7/28/2010 08:41:39	68.894	595.576	0.827	572.010	569.733	0.780	4.730	6.064	103.670
7/28/2010 08:41:39	69.393	597.572	0.831	574.290	571.198	0.780	4.730	6.064	103.680
7/28/2010 08:41:40	69.894	599.576	0.836	575.640	572.845	0.800	4.750	5.937	103.780
7/28/2010 08:41:40	70.394	601.576	0.841	577.120	574.280	0.800	4.750	5.937	103.780
7/28/2010 08:41:41	70.894	603.576	0.845	579.250	575.592	0.800	4.770	5.962	104.010
7/28/2010 08:41:41	71.393	605.572	0.847	582.130	577.240	0.810	4.770	5.889	103.940
7/28/2010 08:41:42	71.893	607.572	0.852	583.750	579.010	0.810	4.770	5.889	103.890
7/28/2010 08:41:42	72.394	609.576	0.858	584.570	580.688	0.810	4.770	5.889	104.020
7/28/2010 08:41:43	72.894	611.576	0.862	586.580	582.642	0.830	4.770	5.747	104.010
7/28/2010 08:41:43	73.393	613.572	0.869	587.520	584.656	0.840	4.800	5.714	104.100
7/28/2010 08:41:44	73.893	615.572	0.868	591.750	586.212	0.840	4.800	5.714	104.100
7/28/2010 08:41:44	74.394	617.576	0.875	592.550	587.646	0.830	4.770	5.747	104.010
7/28/2010 08:41:45	74.893	619.572	0.882	593.440	588.898	0.840	4.820	5.738	104.190
7/28/2010 08:41:45	75.393	621.572	0.886	595.480	590.515	0.850	4.860	5.718	104.420
7/28/2010 08:41:46	75.893	623.572	0.892	596.620	592.224	0.850	4.860	5.718	104.330
7/28/2010 08:41:46	76.394	625.576	0.894	599.490	594.116	0.860	4.860	5.651	104.450
7/28/2010 08:41:47	76.893	627.572	0.902	600.040	596.039	0.870	4.860	5.586	104.460
7/28/2010 08:41:47	77.393	629.572	0.908	601.150	598.297	0.870	4.860	5.586	104.510
7/28/2010 08:41:48	77.893	631.572	0.913	603.190	600.372	0.870	4.860	5.586	104.480
7/28/2010 08:41:48	78.394	633.576	0.905	610.710	602.173	0.890	4.880	5.483	104.590
7/28/2010 08:41:49	78.893	635.572	0.916	609.900	603.882	0.890	4.840	5.438	104.440
7/28/2010 08:41:49	79.393	637.572	0.924	610.200	605.804	0.870	4.860	5.586	104.540
7/28/2010 08:41:50	79.893	639.572	0.930	611.320	607.117	0.870	4.860	5.586	104.860
7/28/2010 08:41:50	80.394	641.576	0.931	614.760	608.795	0.890	4.950	5.562	104.960
7/28/2010 08:41:51	80.893	643.572	0.939	615.620	610.382	0.900	4.950	5.500	104.910
7/28/2010 08:41:51	81.393	645.572	0.946	616.210	611.725	0.880	4.920	5.591	104.900
7/28/2010 08:41:52	81.893	647.572	0.954	616.980	613.098	0.880	4.920	5.591	105.040
7/28/2010 08:41:52	82.394	649.576	0.958	619.160	615.387	0.910	4.950	5.440	105.070
7/28/2010 08:41:53	82.893	651.572	0.945	629.190	617.126	0.920	4.920	5.348	105.110
7/28/2010 08:41:53	83.393	653.572	0.958	627.700	618.896	0.910	4.900	5.385	104.970
7/28/2010 08:41:54	83.893	655.572	0.967	627.680	620.941	0.910	4.900	5.385	105.110
7/28/2010 08:41:54	84.394	657.576	0.975	628.070	622.406	0.920	4.950	5.380	105.190
7/28/2010 08:41:55	84.893	659.572	0.975	631.770	623.535	0.950	4.950	5.211	105.450
7/28/2010 08:41:55	85.393	661.572	0.989	630.160	625.122	0.940	4.970	5.287	105.350
7/28/2010 08:41:56	85.893	663.572	0.996	630.890	626.678	0.940	4.970	5.287	105.490
7/28/2010 08:41:56	86.394	665.576	1.004	631.420	627.960	0.960	4.990	5.198	105.570
7/28/2010 08:41:57	86.893	667.572	1.013	632.140	629.944	0.980	4.990	5.092	105.680
7/28/2010 08:41:57	87.393	669.572	0.994	644.490	632.019	0.970	5.010	5.165	105.990
7/28/2010 08:41:58	87.893	671.572	1.011	642.140	633.636	0.970	5.010	5.165	105.350
7/28/2010 08:41:58	88.394	673.576	1.012	645.230	635.376	0.970	5.010	5.165	105.860
7/28/2010 08:41:59	88.893	675.572	1.026	643.410	637.543	0.990	4.990	5.040	105.800
7/28/2010 08:41:59	89.393	677.572	1.020	650.120	639.465	0.970	4.970	5.124	105.910
7/28/2010 08:42:00	89.894	679.576	1.034	648.330	641.083	0.970	4.970	5.124	105.580
7/28/2010 08:42:00	90.394	681.576	1.043	648.420	642.181	0.990	4.950	5.000	105.880
7/28/2010 08:42:01	90.893	683.572	1.059	645.740	643.311	1.020	4.970	4.873	106.020
7/28/2010 08:42:01	91.393	685.572	1.064	647.990	644.287	1.040	5.030	4.837	106.330
7/28/2010 08:42:02	91.894	687.576	1.072	649.260	644.928	1.030	5.010	4.864	106.460
7/28/2010 08:42:02	92.393	689.572	1.049	663.800	646.576	1.030	5.010	4.864	106.570
7/28/2010 08:42:03	92.894	691.576	1.077	656.640	648.468	1.020	4.900	4.804	105.620
7/28/2010 08:42:03	93.393	693.572	1.062	666.850	650.177	1.030	4.990	4.845	106.400
7/28/2010 08:42:04	93.894	695.576	1.081	663.340	651.611	1.030	4.970	4.825	106.180
7/28/2010 08:42:04	94.393	697.572	1.090	663.150	653.412	1.030	4.970	4.825	106.460
7/28/2010 08:42:05	94.894	699.576	1.103	662.030	654.419	1.060	5.010	4.726	106.500
7/28/2010 08:42:05	95.393	701.572	1.109	663.700	655.365	1.060	5.010	4.726	106.870
7/28/2010 08:42:06	95.894	703.576	1.125	661.540	657.227	1.080	5.010	4.639	106.790
7/28/2010 08:42:06	96.394	705.576	1.091	680.790	659.027	1.090	5.030	4.615	107.110
7/28/2010 08:42:07	96.893	707.572	1.111	677.570	661.102	1.060	4.920	4.642	106.090
7/28/2010 08:42:07	97.393	709.572	1.107	682.780	662.567	1.090	4.990	4.578	106.750
7/28/2010 08:42:08	97.894	711.576	1.130	677.360	663.849	1.070	4.970	4.645	106.580
7/28/2010 08:42:08	98.394	713.576	1.135	678.710	664.368	1.070	4.970	4.645	106.920
7/28/2010 08:42:09	98.894	715.576	1.134	683.540	665.283	1.100	5.010	4.555	106.980
7/28/2010 08:42:09	99.393	717.572	1.154	679.860	665.741	1.090	4.990	4.578	106.820
7/28/2010 08:42:10	99.894	719.576	1.156	682.810	666.870	1.110	5.050	4.550	107.480
7/28/2010 08:42:10	100.393	721.572	1.162	685.000	668.579	1.110	5.050	4.550	107.210
7/28/2010 08:42:11	100.894	723.576	1.179	682.610	670.197	1.130	5.030	4.451	107.410
7/28/2010 08:42:11	101.393	725.572	1.192	681.400	671.753	1.120	5.030	4.491	107.280
7/28/2010 08:42:12	101.894	727.576	1.190	687.150	673.248	1.150	5.050	4.391	107.910
7/28/2010 08:42:12	102.393	729.572	1.159	705.540	674.957	1.150	5.050	4.391	107.470
7/28/2010 08:42:13	102.894	731.576	1.183	700.900	676.392	1.110	4.950	4.459	106.590
7/28/2010 08:42:13	103.393	733.572	1.179	706.040	677.612	1.130	4.990	4.416	107.340
7/28/2010 08:42:14	103.894	735.576	1.196	703.150	678.650	1.130	4.970	4.398	107.170
7/28/2010 08:42:14	104.393	737.572	1.197	706.290	679.596	1.130	4.970	4.398	107.700
7/28/2010 08:42:15	104.894	739.576	1.207	706.610	679.901	1.170	5.010	4.282	107.580
7/28/2010 08:42:15	105.393	741.572	1.222	703.930	680.542	1.150	5.010	4.357	107.680
7/28/2010 08:42:16	105.894	743.576	1.226	706.440	681.824	1.150	5.010	4.357	108.060
7/28/2010 08:42:16	106.394	745.576	1.242	704.290	683.044	1.180	4.990	4.229	107.890
7/28/2010 08:42:17	106.893	747.572	1.220	718.510	684.479	1.210	5.030	4.157	108.490
7/28/2010 08:42:17	107.393	749.572	1.252	709.950	686.249	1.180	4.970	4.212	107.360
7/28/2010 08:42:18	107.894	750.000	1.236	719.420	687.805	1.220	5.050	4.139	108.660
