==Experiment Metadata==
Software Version::TPD Controller v1.2
Data Saved::Wed, Jul 28, 2010 11:43:05
Sample::JRS0035
Experimenter Name::CHeidelberger
Experiment Type::TPD
Chamber::Prep
Thermocouple Type::K
Notes::Temp Control Test

==Hardware Parameters==
Start Time::Wed, Jul 28, 2010 11:41:40
Data Points::141
Sample Start Temperature (Thermocouple) [C]::71.26500
Current Limit [A]::4.00000
Temperature Limit [C]::900.00000
Voltage Limit [V]::20.00000
PID Calculates::Current

==PID Gain Schedule==
Kc	Ti[minutes]	Td[minutes]	MaxTemperature[C]
0.0020000	0.1000000	0.0010000	0.00

==Temperature Schedule==
Time[s]	TemperatureSetpoint[C]
0.00	400.00
20.00	400.00
70.00	800.00

==Data==
DateStamp	ElapsedTime[s]	TemperatureSetpoint[C]	CurrentSetpoint[A]	ThermocoupleTemperature[C]	PyrometerTemperature[C]	MeasuredCurrent[A]	MeasuredVoltage[V]	MeasuredResistance[ohms]	StageTemperature[C]
7/28/2010 11:41:40	0.000	400.000	0.657	71.265	606.567	0.000	0.050	Inf	62.153
7/28/2010 11:41:41	0.658	400.000	0.679	93.427	542.389	0.630	4.130	6.556	64.991
7/28/2010 11:41:41	1.159	400.000	0.680	116.740	473.206	0.640	4.040	6.312	65.090
7/28/2010 11:41:42	1.658	400.000	0.681	139.340	408.020	0.650	4.020	6.185	65.088
7/28/2010 11:41:42	2.158	400.000	0.678	161.230	341.980	0.660	4.000	6.061	65.076
7/28/2010 11:41:43	2.659	400.000	0.679	180.460	343.536	0.640	3.960	6.187	64.917
7/28/2010 11:41:43	3.158	400.000	0.675	199.860	342.651	0.640	3.940	6.156	64.947
7/28/2010 11:41:44	3.659	400.000	0.672	217.590	344.482	0.640	3.940	6.156	64.974
7/28/2010 11:41:44	4.158	400.000	0.667	234.690	343.445	0.650	3.910	6.015	64.866
7/28/2010 11:41:45	4.658	400.000	0.663	249.830	339.752	0.610	3.870	6.344	64.827
7/28/2010 11:41:45	5.158	400.000	0.657	264.700	338.898	0.650	3.910	6.015	64.834
7/28/2010 11:41:46	5.659	400.000	0.654	277.530	335.785	0.650	3.910	6.015	64.693
7/28/2010 11:41:46	6.158	400.000	0.649	289.710	336.945	0.640	3.830	5.984	64.724
7/28/2010 11:41:47	6.658	400.000	0.643	301.260	336.487	0.600	3.810	6.350	64.654
7/28/2010 11:41:47	7.158	400.000	0.638	312.030	338.715	0.640	3.830	5.984	64.637
7/28/2010 11:41:48	7.659	400.000	0.633	321.660	339.966	0.640	3.830	5.984	64.586
7/28/2010 11:41:48	8.158	400.000	0.626	331.190	344.360	0.590	3.810	6.458	64.589
7/28/2010 11:41:49	8.658	400.000	0.620	339.680	349.915	0.600	3.790	6.317	64.542
7/28/2010 11:41:49	9.158	400.000	0.616	346.540	356.537	0.600	3.790	6.317	64.443
7/28/2010 11:41:50	9.658	400.000	0.610	353.610	363.007	0.580	3.720	6.414	64.421
7/28/2010 11:41:50	10.159	400.000	0.603	360.520	367.554	0.590	3.720	6.305	64.453
7/28/2010 11:41:51	10.658	400.000	0.598	366.200	374.878	0.570	3.700	6.491	64.385
7/28/2010 11:41:51	11.158	400.000	0.594	371.130	375.885	0.600	3.660	6.100	64.318
7/28/2010 11:41:52	11.659	400.000	0.590	375.600	379.303	0.600	3.660	6.100	64.328
7/28/2010 11:41:52	12.158	400.000	0.585	379.700	382.294	0.600	3.660	6.100	64.252
7/28/2010 11:41:53	12.659	400.000	0.580	383.890	386.566	0.550	3.640	6.618	64.285
7/28/2010 11:41:53	13.158	400.000	0.576	387.190	387.085	0.560	3.590	6.411	64.243
7/28/2010 11:41:54	13.658	400.000	0.571	390.360	390.503	0.550	3.590	6.527	64.242
7/28/2010 11:41:54	14.159	400.000	0.567	393.170	392.731	0.550	3.590	6.527	64.244
7/28/2010 11:41:55	14.659	400.000	0.564	395.240	394.775	0.530	3.530	6.660	64.093
7/28/2010 11:41:55	15.158	400.000	0.562	396.970	396.667	0.530	3.510	6.623	64.148
7/28/2010 11:41:56	15.658	400.000	0.558	398.760	400.513	0.540	3.510	6.500	64.096
7/28/2010 11:41:56	16.159	400.000	0.556	400.180	404.144	0.540	3.460	6.407	64.079
7/28/2010 11:41:57	16.658	400.000	0.553	401.520	405.151	0.540	3.460	6.407	64.080
7/28/2010 11:41:57	17.159	400.000	0.551	402.160	406.616	0.510	3.460	6.784	64.039
7/28/2010 11:41:58	17.658	400.000	0.547	403.850	409.119	0.520	3.490	6.712	64.047
7/28/2010 11:41:58	18.159	400.000	0.546	404.370	409.027	0.510	3.400	6.667	63.990
7/28/2010 11:41:59	18.658	400.000	0.544	404.990	408.722	0.510	3.400	6.667	63.993
7/28/2010 11:41:59	19.159	400.000	0.542	405.530	409.485	0.520	3.420	6.577	63.992
7/28/2010 11:42:00	19.658	400.000	0.540	405.830	409.943	0.520	3.400	6.538	64.018
7/28/2010 11:42:00	20.159	401.272	0.541	406.110	409.119	0.510	3.400	6.667	63.997
7/28/2010 11:42:01	20.658	405.264	0.548	406.740	409.515	0.510	3.400	6.667	63.982
7/28/2010 11:42:01	21.159	409.272	0.555	407.190	410.370	0.530	3.420	6.453	63.985
7/28/2010 11:42:02	21.658	413.264	0.561	408.120	411.224	0.540	3.550	6.574	64.081
7/28/2010 11:42:02	22.159	417.272	0.568	409.230	412.109	0.530	3.590	6.774	64.201
7/28/2010 11:42:03	22.658	421.264	0.574	411.220	412.476	0.530	3.590	6.774	64.203
7/28/2010 11:42:03	23.159	425.272	0.578	413.790	413.940	0.540	3.720	6.889	64.324
7/28/2010 11:42:04	23.658	429.264	0.584	416.080	415.009	0.550	3.740	6.800	64.326
7/28/2010 11:42:04	24.159	433.272	0.589	418.650	416.351	0.580	3.810	6.569	64.427
7/28/2010 11:42:05	24.658	437.264	0.593	421.760	418.854	0.580	3.810	6.569	64.465
7/28/2010 11:42:05	25.159	441.272	0.597	424.830	421.753	0.560	3.870	6.911	64.471
7/28/2010 11:42:06	25.658	445.264	0.604	427.110	423.920	0.570	3.870	6.789	64.502
7/28/2010 11:42:06	26.159	449.272	0.607	430.760	426.422	0.580	3.940	6.793	64.558
7/28/2010 11:42:07	26.658	453.264	0.613	433.580	428.772	0.580	3.940	6.793	64.603
7/28/2010 11:42:07	27.159	457.272	0.618	436.720	431.030	0.560	3.960	7.071	64.609
7/28/2010 11:42:08	27.658	461.264	0.625	439.330	433.472	0.580	3.980	6.862	64.654
7/28/2010 11:42:08	28.159	465.272	0.629	443.000	436.401	0.580	4.070	7.017	64.811
7/28/2010 11:42:09	28.658	469.264	0.634	446.240	439.423	0.580	4.070	7.017	64.868
7/28/2010 11:42:09	29.159	473.272	0.639	449.540	442.535	0.590	4.130	7.000	64.865
7/28/2010 11:42:10	29.658	477.264	0.644	453.050	445.282	0.590	4.130	7.000	64.875
7/28/2010 11:42:10	30.159	481.272	0.649	456.540	448.120	0.620	4.130	6.661	64.958
7/28/2010 11:42:11	30.658	485.264	0.655	459.800	450.745	0.610	4.150	6.803	64.975
7/28/2010 11:42:11	31.158	489.264	0.659	463.760	454.041	0.640	4.260	6.656	65.063
7/28/2010 11:42:12	31.658	493.264	0.665	467.160	457.275	0.640	4.260	6.656	65.078
7/28/2010 11:42:12	32.159	497.272	0.667	471.950	460.632	0.630	4.370	6.937	65.288
7/28/2010 11:42:13	32.658	501.264	0.672	475.760	463.776	0.630	4.370	6.937	65.343
7/28/2010 11:42:13	33.159	505.272	0.676	479.730	467.163	0.660	4.430	6.712	65.397
7/28/2010 11:42:14	33.658	509.264	0.680	483.790	469.971	0.650	4.430	6.815	65.435
7/28/2010 11:42:14	34.159	513.272	0.683	488.640	473.175	0.640	4.470	6.984	65.526
7/28/2010 11:42:15	34.658	517.264	0.688	492.070	476.898	0.640	4.470	6.984	65.505
7/28/2010 11:42:15	35.159	521.272	0.693	495.700	480.621	0.650	4.430	6.815	65.523
7/28/2010 11:42:16	35.658	525.264	0.698	499.660	484.467	0.640	4.490	7.016	65.600
7/28/2010 11:42:16	36.159	529.272	0.705	502.490	488.159	0.670	4.520	6.746	65.620
7/28/2010 11:42:17	36.658	533.264	0.707	507.190	492.004	0.670	4.520	6.746	65.862
7/28/2010 11:42:17	37.159	537.272	0.710	511.690	495.239	0.650	4.600	7.077	65.839
7/28/2010 11:42:18	37.658	541.264	0.716	515.290	498.474	0.700	4.620	6.600	65.914
7/28/2010 11:42:18	38.158	545.264	0.721	518.810	502.319	0.700	4.620	6.600	65.894
7/28/2010 11:42:19	38.659	549.272	0.726	522.700	505.798	0.700	4.670	6.671	66.051
7/28/2010 11:42:19	39.158	553.264	0.733	525.630	509.460	0.690	4.640	6.725	66.064
7/28/2010 11:42:20	39.659	557.272	0.738	529.210	513.245	0.690	4.670	6.768	66.131
7/28/2010 11:42:20	40.158	561.264	0.744	532.340	517.090	0.690	4.670	6.768	66.176
7/28/2010 11:42:21	40.659	565.272	0.751	535.520	519.867	0.730	4.710	6.452	66.238
7/28/2010 11:42:21	41.158	569.264	0.756	539.570	522.766	0.720	4.770	6.625	66.479
7/28/2010 11:42:22	41.659	573.272	0.763	542.430	525.909	0.720	4.770	6.625	66.440
7/28/2010 11:42:22	42.158	577.264	0.767	546.830	529.053	0.720	4.770	6.625	66.597
7/28/2010 11:42:23	42.659	581.272	0.776	549.210	532.745	0.740	4.800	6.486	66.571
7/28/2010 11:42:23	43.158	585.264	0.783	552.310	536.102	0.740	4.800	6.486	66.677
7/28/2010 11:42:24	43.659	589.272	0.789	556.220	539.795	0.740	4.820	6.514	66.798
7/28/2010 11:42:24	44.158	593.264	0.800	557.880	542.664	0.740	4.820	6.514	66.850
7/28/2010 11:42:25	44.659	597.272	0.802	563.040	545.166	0.750	4.880	6.507	67.007
7/28/2010 11:42:25	45.158	601.264	0.809	566.550	548.096	0.800	4.880	6.100	67.091
7/28/2010 11:42:26	45.659	605.272	0.818	569.180	551.605	0.760	4.880	6.421	67.107
7/28/2010 11:42:26	46.158	609.264	0.823	573.370	554.779	0.760	4.880	6.421	67.246
7/28/2010 11:42:27	46.659	613.272	0.830	576.970	558.289	0.760	4.880	6.421	67.336
7/28/2010 11:42:27	47.158	617.264	0.840	579.560	561.951	0.800	4.950	6.187	67.473
7/28/2010 11:42:28	47.659	621.272	0.847	582.920	564.606	0.780	4.920	6.308	67.451
7/28/2010 11:42:28	48.158	625.264	0.851	587.960	567.596	0.780	4.920	6.308	67.800
7/28/2010 11:42:29	48.659	629.272	0.859	591.140	571.259	0.820	4.990	6.085	67.883
7/28/2010 11:42:29	49.158	633.264	0.868	593.930	574.463	0.820	4.970	6.061	67.808
7/28/2010 11:42:30	49.658	637.264	0.874	598.050	577.698	0.820	4.970	6.061	67.863
7/28/2010 11:42:30	50.159	641.272	0.885	600.320	581.055	0.840	4.990	5.940	67.979
7/28/2010 11:42:31	50.658	645.264	0.887	606.030	583.557	0.850	5.010	5.894	68.288
7/28/2010 11:42:31	51.158	649.264	0.897	608.880	585.724	0.840	5.010	5.964	68.165
7/28/2010 11:42:32	51.658	653.264	0.907	611.110	588.623	0.840	5.010	5.964	68.301
7/28/2010 11:42:32	52.159	657.272	0.916	614.390	591.461	0.870	5.010	5.759	68.374
7/28/2010 11:42:33	52.658	661.264	0.923	618.080	594.360	0.890	5.010	5.629	68.536
7/28/2010 11:42:33	53.158	665.264	0.930	622.500	597.443	0.890	5.010	5.629	68.840
7/28/2010 11:42:34	53.659	669.272	0.942	624.180	600.220	0.880	5.030	5.716	68.643
7/28/2010 11:42:34	54.158	673.264	0.946	629.530	602.692	0.920	5.050	5.489	69.068
7/28/2010 11:42:35	54.658	677.264	0.959	631.310	605.164	0.930	5.030	5.409	68.888
7/28/2010 11:42:35	55.158	681.264	0.967	635.000	607.788	0.930	5.050	5.430	68.988
7/28/2010 11:42:36	55.658	685.264	0.977	637.800	610.657	0.930	5.050	5.430	69.103
7/28/2010 11:42:36	56.159	689.272	0.985	641.790	613.464	0.940	5.070	5.394	69.425
7/28/2010 11:42:37	56.658	693.264	0.993	645.400	616.180	0.950	5.070	5.337	69.484
7/28/2010 11:42:37	57.158	697.264	1.003	648.600	618.927	0.950	5.070	5.337	69.684
7/28/2010 11:42:38	57.658	701.264	1.012	652.110	621.765	0.950	5.070	5.337	69.768
7/28/2010 11:42:38	58.159	705.272	1.019	656.830	623.566	0.990	5.100	5.152	70.046
7/28/2010 11:42:39	58.658	709.264	1.031	658.880	626.526	0.990	5.070	5.121	69.824
7/28/2010 11:42:39	59.158	713.264	1.038	663.600	629.486	1.010	5.070	5.020	70.233
7/28/2010 11:42:40	59.659	717.272	1.053	664.880	632.080	1.000	5.070	5.070	70.162
7/28/2010 11:42:40	60.158	721.264	1.053	672.240	634.460	1.000	5.070	5.070	70.819
7/28/2010 11:42:41	60.659	725.272	1.069	673.150	637.665	1.020	5.100	5.000	70.475
7/28/2010 11:42:41	61.158	729.264	1.080	675.740	639.923	1.030	5.070	4.922	70.622
7/28/2010 11:42:42	61.658	733.264	1.082	682.630	641.846	1.030	5.070	4.922	70.926
7/28/2010 11:42:42	62.159	737.272	1.106	680.440	644.440	1.050	5.070	4.829	70.779
7/28/2010 11:42:43	62.658	741.264	1.099	690.600	646.820	1.070	5.120	4.785	71.292
7/28/2010 11:42:43	63.158	745.264	1.127	686.940	649.475	1.070	5.050	4.720	70.743
7/28/2010 11:42:44	63.658	749.264	1.124	695.400	651.825	1.070	5.050	4.720	71.553
7/28/2010 11:42:44	64.159	753.272	1.141	696.710	654.480	1.090	5.100	4.679	71.420
7/28/2010 11:42:45	64.658	757.264	1.141	704.370	656.525	1.110	5.120	4.613	71.966
7/28/2010 11:42:45	65.159	761.272	1.160	704.400	658.997	1.110	5.100	4.595	71.813
7/28/2010 11:42:46	65.658	765.264	1.166	709.320	661.346	1.110	5.100	4.595	71.916
7/28/2010 11:42:46	66.159	769.272	1.183	710.290	663.757	1.120	5.070	4.527	71.954
7/28/2010 11:42:47	66.658	773.264	1.189	715.760	665.527	1.130	5.070	4.487	72.240
7/28/2010 11:42:47	67.159	777.272	1.210	714.950	667.816	1.150	5.070	4.409	72.068
7/28/2010 11:42:48	67.658	781.264	1.206	724.320	669.678	1.150	5.070	4.409	72.722
7/28/2010 11:42:48	68.159	785.272	1.227	724.170	671.570	1.160	5.070	4.371	72.631
7/28/2010 11:42:49	68.658	789.264	1.230	730.720	673.645	1.190	5.070	4.261	72.935
7/28/2010 11:42:49	69.159	793.272	1.243	733.770	676.453	1.200	5.100	4.250	73.010
7/28/2010 11:42:50	69.658	797.264	1.251	738.470	678.894	1.200	5.100	4.250	73.213
7/28/2010 11:42:50	70.159	800.000	1.257	743.100	681.305	1.210	5.070	4.190	73.368
