==Experiment Metadata==
Software Version::TPD Controller v1.2
Data Saved::Wed, Jul 28, 2010 11:59:33
Sample::JRS0035
Experimenter Name::CHeidelberger
Experiment Type::TPD
Chamber::Prep
Thermocouple Type::K
Notes::H-passivation

==Hardware Parameters==
Start Time::Wed, Jul 28, 2010 11:50:56
Data Points::845
Sample Start Temperature (Thermocouple) [C]::106.28000
Current Limit [A]::4.00000
Temperature Limit [C]::900.00000
Voltage Limit [V]::20.00000
PID Calculates::Current

==PID Gain Schedule==
Kc	Ti[minutes]	Td[minutes]	MaxTemperature[C]
0.0020000	0.1000000	0.0010000	0.00

==Temperature Schedule==
Time[s]	TemperatureSetpoint[C]
0.00	400.00
20.00	400.00
3000.00	400.00

==Data==
DateStamp	ElapsedTime[s]	TemperatureSetpoint[C]	CurrentSetpoint[A]	ThermocoupleTemperature[C]	PyrometerTemperature[C]	MeasuredCurrent[A]	MeasuredVoltage[V]	MeasuredResistance[ohms]	StageTemperature[C]
7/28/2010 11:50:56	0.000	400.000	0.588	106.140	393.860	0.000	0.050	Inf	64.372
7/28/2010 11:50:57	0.538	400.000	0.611	118.940	376.434	0.570	3.530	6.193	66.520
7/28/2010 11:50:58	1.039	400.000	0.617	137.680	356.171	0.580	3.980	6.862	66.797
7/28/2010 11:50:58	1.539	400.000	0.620	157.130	339.630	0.580	3.980	6.862	66.902
7/28/2010 11:50:59	2.039	400.000	0.603	183.860	324.646	0.590	4.670	7.915	67.770
7/28/2010 11:50:59	2.538	400.000	0.603	202.290	322.571	0.560	4.520	8.071	67.447
7/28/2010 11:51:00	3.039	400.000	0.595	221.840	322.296	0.570	4.560	8.000	67.443
7/28/2010 11:51:00	3.538	400.000	0.587	240.010	327.240	0.570	4.560	8.000	67.375
7/28/2010 11:51:01	4.039	400.000	0.588	252.890	327.179	0.540	4.130	7.648	66.919
7/28/2010 11:51:01	4.538	400.000	0.583	267.060	325.287	0.570	4.170	7.316	67.015
7/28/2010 11:51:02	5.039	400.000	0.576	280.940	324.707	0.560	4.220	7.536	67.003
7/28/2010 11:51:02	5.538	400.000	0.570	293.270	328.033	0.560	4.220	7.536	66.990
7/28/2010 11:51:03	6.039	400.000	0.564	305.180	328.400	0.550	4.150	7.545	67.037
7/28/2010 11:51:03	6.538	400.000	0.559	315.190	333.221	0.540	4.070	7.537	66.775
7/28/2010 11:51:04	7.039	400.000	0.554	324.420	338.165	0.520	4.040	7.769	66.733
7/28/2010 11:51:04	7.538	400.000	0.549	333.140	343.811	0.520	4.040	7.769	66.743
7/28/2010 11:51:05	8.039	400.000	0.544	340.850	345.581	0.510	4.020	7.882	66.661
7/28/2010 11:51:05	8.538	400.000	0.539	348.210	350.372	0.500	4.070	8.140	66.735
7/28/2010 11:51:06	9.039	400.000	0.533	355.070	351.990	0.520	4.020	7.731	66.660
7/28/2010 11:51:06	9.538	400.000	0.528	361.330	355.225	0.520	4.020	7.731	66.697
7/28/2010 11:51:07	10.039	400.000	0.523	366.540	358.124	0.480	3.960	8.250	66.571
7/28/2010 11:51:07	10.538	400.000	0.519	371.380	363.983	0.520	3.960	7.615	66.590
7/28/2010 11:51:08	11.039	400.000	0.515	375.690	367.645	0.490	3.870	7.898	66.465
7/28/2010 11:51:08	11.538	400.000	0.511	379.370	372.192	0.490	3.870	7.898	66.526
7/28/2010 11:51:09	12.039	400.000	0.507	383.360	376.190	0.480	3.890	8.104	66.487
7/28/2010 11:51:09	12.538	400.000	0.504	386.050	382.538	0.480	3.810	7.937	66.436
7/28/2010 11:51:10	13.039	400.000	0.501	388.750	384.674	0.470	3.830	8.149	66.449
7/28/2010 11:51:10	13.538	400.000	0.496	391.790	387.207	0.470	3.830	8.149	66.457
7/28/2010 11:51:11	14.039	400.000	0.495	393.240	390.686	0.440	3.790	8.614	66.359
7/28/2010 11:51:11	14.538	400.000	0.491	395.480	392.853	0.450	3.790	8.422	66.407
7/28/2010 11:51:12	15.039	400.000	0.487	397.630	394.470	0.460	3.790	8.239	66.416
7/28/2010 11:51:12	15.538	400.000	0.485	398.880	396.545	0.460	3.790	8.239	66.300
7/28/2010 11:51:13	16.039	400.000	0.483	400.130	397.614	0.430	3.870	9.000	66.368
7/28/2010 11:51:13	16.538	400.000	0.479	401.980	397.736	0.440	3.890	8.841	66.390
7/28/2010 11:51:14	17.039	400.000	0.477	402.800	399.109	0.420	3.830	9.119	66.337
7/28/2010 11:51:14	17.538	400.000	0.475	403.850	398.376	0.420	3.830	9.119	66.372
7/28/2010 11:51:15	18.039	400.000	0.472	404.840	399.353	0.440	3.850	8.750	66.336
7/28/2010 11:51:15	18.538	400.000	0.469	405.780	401.001	0.430	3.850	8.953	66.351
7/28/2010 11:51:16	19.039	400.000	0.468	405.920	402.496	0.460	3.760	8.174	66.296
7/28/2010 11:51:16	19.538	400.000	0.466	406.180	403.412	0.460	3.760	8.174	66.319
7/28/2010 11:51:17	20.039	400.000	0.464	406.770	403.992	0.450	3.790	8.422	66.315
7/28/2010 11:51:17	20.538	400.000	0.463	407.000	404.999	0.420	3.790	9.024	66.317
7/28/2010 11:51:18	21.038	400.000	0.460	407.630	406.067	0.420	3.790	9.024	66.323
7/28/2010 11:51:18	21.538	400.000	0.459	407.730	406.982	0.420	3.790	9.024	66.352
7/28/2010 11:51:19	22.039	400.000	0.457	407.730	407.166	0.430	3.720	8.651	66.280
7/28/2010 11:51:19	22.539	400.000	0.456	407.570	409.058	0.420	3.700	8.810	66.260
7/28/2010 11:51:20	23.039	400.000	0.456	407.370	408.508	0.430	3.700	8.605	66.279
7/28/2010 11:51:20	23.538	400.000	0.455	407.000	407.501	0.420	3.680	8.762	66.277
7/28/2010 11:51:21	24.039	400.000	0.455	406.650	406.738	0.420	3.680	8.762	66.290
7/28/2010 11:51:21	24.538	400.000	0.454	406.610	406.403	0.400	3.680	9.200	66.275
7/28/2010 11:51:22	25.038	400.000	0.453	406.220	404.541	0.430	3.680	8.558	66.318
7/28/2010 11:51:22	25.538	400.000	0.452	406.170	404.266	0.430	3.700	8.605	66.305
7/28/2010 11:51:23	26.039	400.000	0.452	405.750	405.029	0.430	3.700	8.605	66.306
7/28/2010 11:51:23	26.538	400.000	0.452	405.570	404.266	0.430	3.720	8.651	66.330
7/28/2010 11:51:24	27.038	400.000	0.451	405.640	404.541	0.410	3.720	9.073	66.284
7/28/2010 11:51:24	27.538	400.000	0.449	405.950	405.060	0.420	3.740	8.905	66.365
7/28/2010 11:51:25	28.039	400.000	0.449	405.390	405.365	0.420	3.740	8.905	66.270
7/28/2010 11:51:25	28.538	400.000	0.450	404.680	404.907	0.410	3.610	8.805	66.246
7/28/2010 11:51:26	29.038	400.000	0.451	403.970	406.250	0.400	3.610	9.025	66.246
7/28/2010 11:51:26	29.538	400.000	0.449	404.300	406.494	0.440	3.720	8.455	66.330
7/28/2010 11:51:27	30.039	400.000	0.450	403.490	407.410	0.440	3.720	8.455	66.297
7/28/2010 11:51:27	30.538	400.000	0.449	403.830	407.990	0.410	3.740	9.122	66.297
7/28/2010 11:51:28	31.038	400.000	0.450	403.250	407.776	0.420	3.660	8.714	66.314
7/28/2010 11:51:28	31.538	400.000	0.450	402.950	406.799	0.420	3.610	8.595	66.316
7/28/2010 11:51:29	32.039	400.000	0.450	402.660	405.853	0.420	3.610	8.595	66.263
7/28/2010 11:51:29	32.539	400.000	0.450	402.120	403.992	0.410	3.640	8.878	66.284
7/28/2010 11:51:30	33.038	400.000	0.449	402.630	404.083	0.410	3.640	8.878	66.378
7/28/2010 11:51:30	33.539	400.000	0.450	402.120	403.473	0.410	3.700	9.024	66.324
7/28/2010 11:51:31	34.038	400.000	0.449	402.250	403.687	0.420	3.700	8.810	66.342
7/28/2010 11:51:31	34.539	400.000	0.448	402.260	405.090	0.420	3.700	8.810	66.338
7/28/2010 11:51:32	35.039	400.000	0.449	402.030	405.884	0.420	3.700	8.810	66.371
7/28/2010 11:51:32	35.538	400.000	0.449	401.830	404.602	0.420	3.720	8.857	66.387
7/28/2010 11:51:33	36.038	400.000	0.448	402.000	404.083	0.420	3.720	8.857	66.360
7/28/2010 11:51:33	36.539	400.000	0.448	402.040	404.175	0.420	3.720	8.857	66.359
7/28/2010 11:51:34	37.038	400.000	0.447	401.950	402.466	0.420	3.720	8.857	66.359
7/28/2010 11:51:34	37.539	400.000	0.447	401.870	401.184	0.440	3.720	8.455	66.409
7/28/2010 11:51:35	38.038	400.000	0.447	401.900	400.421	0.430	3.740	8.698	66.386
7/28/2010 11:51:35	38.539	400.000	0.447	401.680	399.933	0.430	3.740	8.698	66.379
7/28/2010 11:51:36	39.039	400.000	0.445	402.390	398.926	0.380	3.740	9.842	66.395
7/28/2010 11:51:36	39.538	400.000	0.445	402.200	399.414	0.420	3.720	8.857	66.438
7/28/2010 11:51:37	40.038	400.000	0.445	402.140	400.604	0.430	3.740	8.698	66.430
7/28/2010 11:51:37	40.539	400.000	0.444	402.420	401.398	0.410	3.740	9.122	66.426
7/28/2010 11:51:38	41.038	400.000	0.443	402.530	402.313	0.410	3.740	9.122	66.423
7/28/2010 11:51:38	41.539	400.000	0.443	402.510	402.283	0.410	3.740	9.122	66.444
7/28/2010 11:51:39	42.038	400.000	0.442	402.740	403.961	0.440	3.740	8.500	66.443
7/28/2010 11:51:39	42.539	400.000	0.441	403.040	404.816	0.430	3.740	8.698	66.427
7/28/2010 11:51:40	43.038	400.000	0.440	403.250	404.846	0.430	3.740	8.698	66.436
7/28/2010 11:51:40	43.539	400.000	0.440	403.130	406.189	0.420	3.760	8.952	66.411
7/28/2010 11:51:41	44.038	400.000	0.442	401.920	407.990	0.400	3.510	8.775	66.304
7/28/2010 11:51:41	44.539	400.000	0.442	401.840	406.799	0.420	3.680	8.762	66.415
7/28/2010 11:51:42	45.038	400.000	0.441	401.880	405.884	0.420	3.680	8.762	66.476
7/28/2010 11:51:42	45.539	400.000	0.441	401.800	406.372	0.400	3.720	9.300	66.441
7/28/2010 11:51:43	46.038	400.000	0.440	402.010	406.219	0.420	3.720	8.857	66.462
7/28/2010 11:51:43	46.539	400.000	0.440	401.840	405.090	0.390	3.740	9.590	66.429
7/28/2010 11:51:44	47.038	400.000	0.440	402.080	406.250	0.390	3.740	9.590	66.438
7/28/2010 11:51:44	47.539	400.000	0.442	400.880	406.555	0.390	3.550	9.103	66.316
7/28/2010 11:51:45	48.038	400.000	0.441	401.170	407.593	0.410	3.740	9.122	66.463
7/28/2010 11:51:45	48.538	400.000	0.441	401.160	408.569	0.400	3.760	9.400	66.478
7/28/2010 11:51:46	49.038	400.000	0.440	401.360	411.285	0.410	3.740	9.122	66.484
7/28/2010 11:51:46	49.539	400.000	0.440	401.450	412.903	0.410	3.740	9.122	66.481
7/28/2010 11:51:47	50.038	400.000	0.442	400.580	416.229	0.390	3.550	9.103	66.377
7/28/2010 11:51:47	50.538	400.000	0.441	400.760	418.274	0.390	3.550	9.103	66.456
7/28/2010 11:51:48	51.039	400.000	0.440	400.990	419.006	0.420	3.740	8.905	66.496
7/28/2010 11:51:48	51.538	400.000	0.441	400.840	419.342	0.400	3.740	9.350	66.516
7/28/2010 11:51:49	52.038	400.000	0.440	401.120	418.762	0.420	3.740	8.905	66.461
7/28/2010 11:51:49	52.538	400.000	0.441	400.430	416.840	0.390	3.570	9.154	66.375
7/28/2010 11:51:50	53.038	400.000	0.441	400.570	414.978	0.410	3.760	9.171	66.489
7/28/2010 11:51:50	53.539	400.000	0.440	400.860	413.757	0.410	3.760	9.171	66.493
7/28/2010 11:51:51	54.039	400.000	0.442	400.000	410.889	0.380	3.590	9.447	66.388
7/28/2010 11:51:51	54.538	400.000	0.441	400.370	409.515	0.440	3.740	8.500	66.534
7/28/2010 11:51:52	55.038	400.000	0.440	400.500	408.844	0.440	3.760	8.545	66.510
7/28/2010 11:51:52	55.539	400.000	0.440	400.820	407.257	0.410	3.740	9.122	66.538
7/28/2010 11:51:53	56.039	400.000	0.441	400.140	404.175	0.410	3.740	9.122	66.408
7/28/2010 11:51:53	56.539	400.000	0.440	400.520	402.802	0.410	3.740	9.122	66.560
7/28/2010 11:51:54	57.039	400.000	0.440	400.550	402.283	0.420	3.760	8.952	66.546
7/28/2010 11:51:54	57.538	400.000	0.439	400.940	401.428	0.400	3.760	9.400	66.570
7/28/2010 11:51:55	58.039	400.000	0.441	400.140	399.994	0.370	3.610	9.757	66.417
7/28/2010 11:51:55	58.538	400.000	0.440	400.450	401.093	0.370	3.610	9.757	66.535
7/28/2010 11:51:56	59.039	400.000	0.442	399.630	402.557	0.380	3.570	9.395	66.436
7/28/2010 11:51:56	59.538	400.000	0.441	400.040	401.123	0.440	3.740	8.500	66.557
7/28/2010 11:51:57	60.039	400.000	0.441	399.950	401.398	0.440	3.740	8.500	66.570
7/28/2010 11:51:57	60.539	400.000	0.440	400.190	401.642	0.420	3.760	8.952	66.569
7/28/2010 11:51:58	61.038	400.000	0.439	400.650	400.360	0.430	3.740	8.698	66.569
7/28/2010 11:51:58	61.538	400.000	0.441	399.930	399.078	0.420	3.570	8.500	66.431
7/28/2010 11:51:59	62.039	400.000	0.440	400.190	399.567	0.410	3.760	9.171	66.548
7/28/2010 11:51:59	62.538	400.000	0.440	400.150	399.048	0.410	3.760	9.171	66.592
7/28/2010 11:52:00	63.039	400.000	0.439	400.640	401.093	0.440	3.760	8.545	66.604
7/28/2010 11:52:00	63.538	400.000	0.441	399.700	401.154	0.420	3.610	8.595	66.472
7/28/2010 11:52:01	64.039	400.000	0.440	400.300	400.818	0.420	3.610	8.595	66.587
7/28/2010 11:52:01	64.539	400.000	0.442	399.410	401.459	0.410	3.570	8.707	66.458
7/28/2010 11:52:02	65.038	400.000	0.441	399.840	401.520	0.430	3.760	8.744	66.588
7/28/2010 11:52:02	65.538	400.000	0.441	399.900	399.963	0.430	3.760	8.744	66.621
7/28/2010 11:52:03	66.039	400.000	0.440	400.200	400.665	0.420	3.760	8.952	66.598
7/28/2010 11:52:03	66.538	400.000	0.439	400.710	402.161	0.410	3.760	9.171	66.597
7/28/2010 11:52:04	67.038	400.000	0.441	399.850	402.191	0.380	3.610	9.500	66.486
7/28/2010 11:52:04	67.538	400.000	0.440	400.380	400.543	0.410	3.760	9.171	66.659
7/28/2010 11:52:05	68.038	400.000	0.442	399.400	400.940	0.410	3.760	9.171	66.505
7/28/2010 11:52:05	68.539	400.000	0.441	399.960	401.489	0.400	3.790	9.475	66.620
7/28/2010 11:52:06	69.038	400.000	0.441	399.940	399.750	0.420	3.760	8.952	66.658
7/28/2010 11:52:06	69.538	400.000	0.440	400.310	398.163	0.420	3.760	8.952	66.622
7/28/2010 11:52:07	70.039	400.000	0.441	399.860	398.468	0.420	3.610	8.595	66.528
7/28/2010 11:52:07	70.538	400.000	0.440	400.190	399.475	0.420	3.610	8.595	66.629
7/28/2010 11:52:08	71.039	400.000	0.440	400.330	398.224	0.420	3.760	8.952	66.677
7/28/2010 11:52:08	71.538	400.000	0.441	399.710	398.895	0.390	3.610	9.256	66.533
7/28/2010 11:52:09	72.039	400.000	0.440	400.040	399.323	0.410	3.790	9.244	66.648
7/28/2010 11:52:09	72.538	400.000	0.439	400.520	400.452	0.410	3.790	9.244	66.664
7/28/2010 11:52:10	73.039	400.000	0.441	400.020	399.200	0.370	3.610	9.757	66.548
7/28/2010 11:52:10	73.538	400.000	0.440	400.290	398.987	0.430	3.790	8.814	66.647
7/28/2010 11:52:11	74.039	400.000	0.442	399.420	398.346	0.400	3.610	9.025	66.562
7/28/2010 11:52:11	74.538	400.000	0.441	399.830	399.109	0.400	3.610	9.025	66.688
7/28/2010 11:52:12	75.039	400.000	0.440	400.400	398.682	0.410	3.760	9.171	66.666
7/28/2010 11:52:12	75.538	400.000	0.442	399.300	398.163	0.420	3.590	8.548	66.564
7/28/2010 11:52:13	76.039	400.000	0.441	399.910	400.116	0.410	3.790	9.244	66.669
7/28/2010 11:52:13	76.538	400.000	0.440	400.190	399.994	0.410	3.790	9.244	66.681
7/28/2010 11:52:14	77.039	400.000	0.440	400.480	398.956	0.430	3.760	8.744	66.664
7/28/2010 11:52:14	77.538	400.000	0.442	399.620	399.200	0.410	3.610	8.805	66.573
7/28/2010 11:52:15	78.038	400.000	0.440	400.300	399.170	0.410	3.610	8.805	66.680
7/28/2010 11:52:15	78.539	400.000	0.442	399.500	398.193	0.380	3.640	9.579	66.581
7/28/2010 11:52:16	79.038	400.000	0.441	399.910	400.330	0.420	3.790	9.024	66.755
7/28/2010 11:52:16	79.538	400.000	0.440	400.240	401.947	0.400	3.760	9.400	66.707
7/28/2010 11:52:17	80.038	400.000	0.439	400.560	402.771	0.400	3.760	9.400	66.681
7/28/2010 11:52:17	80.539	400.000	0.441	399.840	404.633	0.410	3.610	8.805	66.607
7/28/2010 11:52:18	81.038	400.000	0.440	400.270	405.304	0.410	3.790	9.244	66.718
7/28/2010 11:52:18	81.539	400.000	0.443	399.140	404.968	0.380	3.640	9.579	66.577
7/28/2010 11:52:19	82.038	400.000	0.440	400.290	402.985	0.420	3.790	9.024	66.732
7/28/2010 11:52:19	82.538	400.000	0.443	399.180	401.123	0.420	3.790	9.024	66.605
7/28/2010 11:52:20	83.039	400.000	0.441	399.790	398.956	0.420	3.790	9.024	66.743
7/28/2010 11:52:20	83.539	400.000	0.441	400.010	399.170	0.420	3.760	8.952	66.733
7/28/2010 11:52:21	84.038	400.000	0.440	400.370	398.743	0.420	3.760	8.952	66.758
7/28/2010 11:52:21	84.538	400.000	0.442	399.520	400.940	0.420	3.760	8.952	66.575
7/28/2010 11:52:22	85.039	400.000	0.440	400.500	402.435	0.420	3.790	9.024	66.749
7/28/2010 11:52:22	85.539	400.000	0.442	399.490	403.809	0.410	3.640	8.878	66.615
7/28/2010 11:52:23	86.038	400.000	0.441	399.900	402.222	0.420	3.790	9.024	66.757
7/28/2010 11:52:23	86.538	400.000	0.440	400.440	402.344	0.420	3.790	9.024	66.773
7/28/2010 11:52:24	87.039	400.000	0.442	399.610	401.154	0.420	3.590	8.548	66.635
7/28/2010 11:52:24	87.539	400.000	0.440	400.170	401.764	0.430	3.790	8.814	66.731
7/28/2010 11:52:25	88.038	400.000	0.441	400.120	400.909	0.430	3.760	8.744	66.771
7/28/2010 11:52:25	88.538	400.000	0.439	400.620	401.642	0.430	3.760	8.744	66.748
7/28/2010 11:52:26	89.039	400.000	0.442	399.710	401.306	0.400	3.660	9.150	66.668
7/28/2010 11:52:26	89.539	400.000	0.439	400.550	400.909	0.410	3.790	9.244	66.794
7/28/2010 11:52:27	90.038	400.000	0.441	399.730	400.818	0.380	3.660	9.632	66.679
7/28/2010 11:52:27	90.538	400.000	0.441	400.030	402.313	0.380	3.660	9.632	66.814
7/28/2010 11:52:28	91.038	400.000	0.440	400.350	403.473	0.410	3.760	9.171	66.791
7/28/2010 11:52:28	91.539	400.000	0.442	399.620	403.931	0.410	3.640	8.878	66.653
7/28/2010 11:52:29	92.038	400.000	0.440	400.290	403.229	0.380	3.810	10.026	66.803
7/28/2010 11:52:29	92.539	400.000	0.442	399.620	401.581	0.380	3.810	10.026	66.697
7/28/2010 11:52:30	93.038	400.000	0.440	400.170	401.459	0.430	3.810	8.860	66.825
7/28/2010 11:52:30	93.539	400.000	0.440	400.170	401.276	0.440	3.760	8.545	66.798
7/28/2010 11:52:31	94.038	400.000	0.440	400.360	400.543	0.410	3.760	9.171	66.800
7/28/2010 11:52:31	94.539	400.000	0.441	399.670	400.909	0.410	3.760	9.171	66.685
7/28/2010 11:52:32	95.038	400.000	0.441	399.850	400.696	0.420	3.760	8.952	66.813
7/28/2010 11:52:32	95.538	400.000	0.439	400.750	400.146	0.420	3.790	9.024	66.790
7/28/2010 11:52:33	96.038	400.000	0.441	400.010	398.651	0.400	3.640	9.100	66.665
7/28/2010 11:52:33	96.539	400.000	0.440	400.090	399.933	0.400	3.640	9.100	66.862
7/28/2010 11:52:34	97.038	400.000	0.439	400.470	401.367	0.420	3.790	9.024	66.841
7/28/2010 11:52:34	97.538	400.000	0.441	399.620	401.520	0.390	3.640	9.333	66.695
7/28/2010 11:52:35	98.038	400.000	0.439	400.640	401.337	0.440	3.810	8.659	66.841
7/28/2010 11:52:35	98.539	400.000	0.441	399.880	401.459	0.440	3.810	8.659	66.698
7/28/2010 11:52:36	99.038	400.000	0.441	399.880	400.787	0.420	3.810	9.071	66.847
7/28/2010 11:52:36	99.538	400.000	0.440	400.140	399.841	0.400	3.760	9.400	66.834
7/28/2010 11:52:37	100.038	400.000	0.439	400.640	399.567	0.400	3.760	9.400	66.855
7/28/2010 11:52:37	100.539	400.000	0.441	399.790	398.804	0.400	3.760	9.400	66.707
7/28/2010 11:52:38	101.038	400.000	0.439	400.530	399.231	0.430	3.810	8.860	66.832
7/28/2010 11:52:38	101.538	400.000	0.441	399.640	399.811	0.400	3.640	9.100	66.732
7/28/2010 11:52:39	102.038	400.000	0.439	400.450	400.482	0.420	3.810	9.071	66.842
7/28/2010 11:52:39	102.539	400.000	0.442	399.380	402.344	0.420	3.810	9.071	66.718
7/28/2010 11:52:40	103.038	400.000	0.440	399.930	403.900	0.420	3.810	9.071	66.871
7/28/2010 11:52:40	103.539	400.000	0.440	400.300	403.656	0.410	3.790	9.244	66.866
7/28/2010 11:52:41	104.038	400.000	0.442	399.380	402.649	0.420	3.640	8.667	66.763
7/28/2010 11:52:41	104.538	400.000	0.440	400.300	403.656	0.410	3.810	9.293	66.908
7/28/2010 11:52:42	105.039	400.000	0.442	399.310	402.008	0.410	3.660	8.927	66.751
7/28/2010 11:52:42	105.538	400.000	0.440	400.210	402.313	0.410	3.660	8.927	66.913
7/28/2010 11:52:43	106.039	400.000	0.442	399.240	402.863	0.390	3.660	9.385	66.777
7/28/2010 11:52:43	106.538	400.000	0.440	400.030	404.114	0.420	3.810	9.071	66.911
7/28/2010 11:52:44	107.039	400.000	0.440	400.250	403.961	0.410	3.760	9.171	66.874
7/28/2010 11:52:44	107.538	400.000	0.442	399.290	405.426	0.410	3.760	9.171	66.764
7/28/2010 11:52:45	108.039	400.000	0.440	400.360	403.595	0.410	3.810	9.293	66.883
7/28/2010 11:52:45	108.538	400.000	0.442	399.480	404.358	0.390	3.680	9.436	66.760
7/28/2010 11:52:46	109.039	400.000	0.441	399.990	403.748	0.400	3.810	9.525	66.941
7/28/2010 11:52:46	109.538	400.000	0.440	400.200	402.710	0.400	3.810	9.525	66.898
7/28/2010 11:52:47	110.039	400.000	0.439	400.770	401.947	0.420	3.760	8.952	66.906
7/28/2010 11:52:47	110.538	400.000	0.441	399.870	401.550	0.400	3.660	9.150	66.786
7/28/2010 11:52:48	111.039	400.000	0.439	400.720	400.635	0.420	3.760	8.952	66.919
7/28/2010 11:52:48	111.538	400.000	0.441	399.620	400.665	0.420	3.760	8.952	66.783
7/28/2010 11:52:49	112.039	400.000	0.439	400.390	401.398	0.400	3.790	9.475	66.931
7/28/2010 11:52:49	112.538	400.000	0.441	399.660	400.665	0.420	3.680	8.762	66.823
7/28/2010 11:52:50	113.039	400.000	0.440	400.130	400.543	0.410	3.760	9.171	66.941
7/28/2010 11:52:50	113.538	400.000	0.439	400.450	399.445	0.410	3.760	9.171	66.943
7/28/2010 11:52:51	114.039	400.000	0.442	399.230	397.644	0.390	3.610	9.256	66.793
7/28/2010 11:52:51	114.538	400.000	0.440	400.050	396.790	0.420	3.790	9.024	66.911
7/28/2010 11:52:52	115.039	400.000	0.440	400.020	397.980	0.420	3.790	9.024	66.943
7/28/2010 11:52:52	115.539	400.000	0.440	400.400	398.865	0.410	3.760	9.171	66.925
7/28/2010 11:52:53	116.038	400.000	0.442	399.370	400.024	0.390	3.590	9.205	66.786
7/28/2010 11:52:53	116.538	400.000	0.440	400.000	400.879	0.440	3.790	8.614	66.962
7/28/2010 11:52:54	117.039	400.000	0.440	400.290	400.269	0.430	3.790	8.814	66.945
7/28/2010 11:52:54	117.538	400.000	0.442	399.370	400.177	0.430	3.790	8.814	66.813
7/28/2010 11:52:55	118.039	400.000	0.441	399.890	400.879	0.430	3.790	8.814	66.962
7/28/2010 11:52:55	118.538	400.000	0.439	400.550	400.696	0.420	3.790	9.024	66.992
7/28/2010 11:52:56	119.039	400.000	0.441	399.690	401.703	0.390	3.660	9.385	66.818
7/28/2010 11:52:56	119.538	400.000	0.440	400.320	401.276	0.390	3.660	9.385	66.967
7/28/2010 11:52:57	120.039	400.000	0.442	399.580	401.947	0.410	3.680	8.976	66.865
7/28/2010 11:52:57	120.538	400.000	0.440	400.330	400.818	0.430	3.790	8.814	66.975
7/28/2010 11:52:58	121.039	400.000	0.442	399.210	400.574	0.380	3.660	9.632	66.859
7/28/2010 11:52:58	121.538	400.000	0.440	400.170	401.001	0.380	3.660	9.632	66.995
7/28/2010 11:52:59	122.039	400.000	0.440	400.240	402.161	0.400	3.760	9.400	66.970
7/28/2010 11:52:59	122.538	400.000	0.439	400.650	401.947	0.430	3.760	8.744	66.964
7/28/2010 11:53:00	123.039	400.000	0.441	399.810	402.985	0.400	3.660	9.150	66.854
7/28/2010 11:53:00	123.538	400.000	0.440	400.180	404.144	0.400	3.660	9.150	66.996
7/28/2010 11:53:01	124.039	400.000	0.439	400.530	403.412	0.410	3.760	9.171	66.988
7/28/2010 11:53:01	124.538	400.000	0.441	399.700	402.283	0.390	3.660	9.385	66.847
7/28/2010 11:53:02	125.039	400.000	0.440	400.360	401.459	0.390	3.660	9.385	67.009
7/28/2010 11:53:02	125.539	400.000	0.441	399.580	401.855	0.400	3.680	9.200	66.872
7/28/2010 11:53:03	126.038	400.000	0.440	400.040	401.215	0.390	3.810	9.769	67.006
7/28/2010 11:53:03	126.538	400.000	0.439	400.440	399.750	0.430	3.760	8.744	67.001
7/28/2010 11:53:04	127.039	400.000	0.441	399.780	400.482	0.400	3.680	9.200	66.878
7/28/2010 11:53:04	127.538	400.000	0.440	400.210	399.353	0.400	3.680	9.200	67.032
7/28/2010 11:53:05	128.039	400.000	0.441	399.750	399.414	0.410	3.680	8.976	66.932
7/28/2010 11:53:05	128.538	400.000	0.440	400.070	398.224	0.410	3.810	9.293	67.064
7/28/2010 11:53:06	129.039	400.000	0.440	400.240	398.926	0.420	3.790	9.024	67.021
7/28/2010 11:53:06	129.538	400.000	0.441	399.780	399.628	0.420	3.790	9.024	66.888
7/28/2010 11:53:07	130.039	400.000	0.439	400.470	401.459	0.410	3.810	9.293	66.998
7/28/2010 11:53:07	130.539	400.000	0.441	399.570	400.421	0.410	3.680	8.976	66.936
7/28/2010 11:53:08	131.038	400.000	0.439	400.360	401.337	0.410	3.680	8.976	67.005
7/28/2010 11:53:08	131.539	400.000	0.442	399.400	402.130	0.390	3.680	9.436	66.932
7/28/2010 11:53:09	132.038	400.000	0.440	400.100	401.550	0.400	3.810	9.525	67.054
7/28/2010 11:53:09	132.539	400.000	0.439	400.610	402.100	0.420	3.790	9.024	67.016
7/28/2010 11:53:10	133.038	400.000	0.441	399.700	402.374	0.420	3.790	9.024	66.941
7/28/2010 11:53:10	133.539	400.000	0.440	400.170	401.184	0.440	3.810	8.659	67.058
7/28/2010 11:53:11	134.038	400.000	0.441	399.670	401.245	0.390	3.680	9.436	66.983
7/28/2010 11:53:11	134.539	400.000	0.439	400.420	402.252	0.420	3.810	9.071	67.062
7/28/2010 11:53:12	135.038	400.000	0.442	399.220	402.344	0.420	3.810	9.071	66.958
7/28/2010 11:53:12	135.539	400.000	0.439	400.450	402.802	0.410	3.790	9.244	67.079
7/28/2010 11:53:13	136.038	400.000	0.442	399.460	404.785	0.390	3.680	9.436	66.967
7/28/2010 11:53:13	136.539	400.000	0.441	399.800	403.168	0.410	3.810	9.293	67.066
7/28/2010 11:53:14	137.038	400.000	0.440	400.140	402.344	0.410	3.810	9.293	67.056
7/28/2010 11:53:14	137.539	400.000	0.439	400.500	401.733	0.410	3.790	9.244	67.075
7/28/2010 11:53:15	138.038	400.000	0.441	399.900	401.031	0.410	3.660	8.927	66.942
7/28/2010 11:53:15	138.539	400.000	0.439	400.460	400.360	0.430	3.810	8.860	67.081
7/28/2010 11:53:16	139.038	400.000	0.441	399.740	401.062	0.430	3.810	8.860	67.025
7/28/2010 11:53:16	139.539	400.000	0.439	400.500	402.069	0.400	3.810	9.525	67.054
7/28/2010 11:53:17	140.038	400.000	0.442	399.240	400.421	0.400	3.660	9.150	66.970
7/28/2010 11:53:17	140.539	400.000	0.440	400.120	401.611	0.420	3.790	9.024	67.099
7/28/2010 11:53:18	141.038	400.000	0.443	399.010	402.008	0.420	3.790	9.024	67.023
7/28/2010 11:53:18	141.539	400.000	0.440	400.280	401.489	0.400	3.810	9.525	67.104
7/28/2010 11:53:19	142.038	400.000	0.443	399.010	399.719	0.410	3.680	8.976	66.980
7/28/2010 11:53:19	142.538	400.000	0.441	399.710	399.536	0.410	3.680	8.976	67.109
7/28/2010 11:53:20	143.039	400.000	0.440	400.110	398.804	0.400	3.790	9.475	67.113
7/28/2010 11:53:20	143.538	400.000	0.441	400.060	398.163	0.400	3.760	9.400	67.072
7/28/2010 11:53:21	144.038	400.000	0.440	400.440	400.055	0.440	3.790	8.614	67.082
7/28/2010 11:53:21	144.538	400.000	0.441	400.000	400.299	0.440	3.790	8.614	66.968
7/28/2010 11:53:22	145.039	400.000	0.439	400.540	402.496	0.400	3.790	9.475	67.110
7/28/2010 11:53:22	145.538	400.000	0.442	399.550	401.764	0.400	3.660	9.150	66.991
7/28/2010 11:53:23	146.038	400.000	0.439	400.430	402.771	0.400	3.810	9.525	67.085
7/28/2010 11:53:23	146.538	400.000	0.442	399.250	400.696	0.400	3.810	9.525	67.013
7/28/2010 11:53:24	147.039	400.000	0.441	399.950	402.435	0.450	3.790	8.422	67.106
7/28/2010 11:53:24	147.538	400.000	0.439	400.510	402.161	0.410	3.760	9.171	67.114
7/28/2010 11:53:25	148.038	400.000	0.442	399.640	402.710	0.410	3.760	9.171	67.000
7/28/2010 11:53:25	148.539	400.000	0.440	400.140	402.802	0.410	3.810	9.293	67.137
7/28/2010 11:53:26	149.038	400.000	0.440	400.370	405.060	0.420	3.790	9.024	67.130
7/28/2010 11:53:26	149.538	400.000	0.441	399.920	402.802	0.420	3.660	8.714	66.999
7/28/2010 11:53:27	150.038	400.000	0.440	400.330	402.649	0.420	3.660	8.714	67.136
7/28/2010 11:53:27	150.539	400.000	0.442	399.340	402.985	0.390	3.680	9.436	67.017
7/28/2010 11:53:28	151.038	400.000	0.440	400.210	400.818	0.430	3.810	8.860	67.154
7/28/2010 11:53:28	151.538	400.000	0.442	399.450	400.879	0.390	3.680	9.436	67.000
7/28/2010 11:53:29	152.039	400.000	0.440	400.050	402.435	0.410	3.810	9.293	67.127
7/28/2010 11:53:29	152.538	400.000	0.440	400.460	401.947	0.410	3.810	9.293	67.159
7/28/2010 11:53:30	153.039	400.000	0.442	399.470	402.252	0.390	3.680	9.436	67.017
7/28/2010 11:53:30	153.538	400.000	0.440	400.170	404.480	0.420	3.810	9.071	67.169
7/28/2010 11:53:31	154.039	400.000	0.440	400.150	403.809	0.410	3.760	9.171	67.152
7/28/2010 11:53:31	154.538	400.000	0.440	400.290	404.510	0.410	3.760	9.171	67.141
7/28/2010 11:53:32	155.039	400.000	0.441	399.690	405.212	0.380	3.680	9.684	67.049
7/28/2010 11:53:32	155.538	400.000	0.439	400.600	405.579	0.400	3.810	9.525	67.204
7/28/2010 11:53:33	156.039	400.000	0.442	399.570	405.487	0.390	3.660	9.385	67.051
7/28/2010 11:53:33	156.538	400.000	0.440	400.280	404.022	0.390	3.660	9.385	67.189
7/28/2010 11:53:34	157.039	400.000	0.443	399.150	403.076	0.380	3.640	9.579	67.043
7/28/2010 11:53:34	157.538	400.000	0.440	400.020	402.863	0.430	3.810	8.860	67.193
7/28/2010 11:53:35	158.039	400.000	0.440	400.160	400.909	0.430	3.790	8.814	67.158
7/28/2010 11:53:35	158.538	400.000	0.440	400.460	399.170	0.430	3.790	8.814	67.159
7/28/2010 11:53:36	159.039	400.000	0.441	399.810	399.780	0.410	3.660	8.927	67.048
7/28/2010 11:53:36	159.538	400.000	0.440	400.220	398.773	0.390	3.810	9.769	67.196
7/28/2010 11:53:37	160.039	400.000	0.440	400.110	397.217	0.430	3.790	8.814	67.221
7/28/2010 11:53:37	160.538	400.000	0.439	400.630	397.247	0.430	3.790	8.814	67.192
7/28/2010 11:53:38	161.039	400.000	0.440	400.090	397.949	0.410	3.680	8.976	67.078
7/28/2010 11:53:38	161.538	400.000	0.439	400.490	398.621	0.430	3.810	8.860	67.226
7/28/2010 11:53:39	162.039	400.000	0.441	399.840	399.414	0.400	3.640	9.100	67.089
7/28/2010 11:53:39	162.538	400.000	0.439	400.630	399.872	0.400	3.640	9.100	67.208
7/28/2010 11:53:40	163.039	400.000	0.442	399.490	400.391	0.430	3.660	8.512	67.090
7/28/2010 11:53:40	163.538	400.000	0.440	400.290	398.956	0.400	3.810	9.525	67.223
7/28/2010 11:53:41	164.039	400.000	0.442	399.330	399.445	0.430	3.680	8.558	67.113
7/28/2010 11:53:41	164.538	400.000	0.440	399.910	398.773	0.430	3.680	8.558	67.205
7/28/2010 11:53:42	165.039	400.000	0.440	400.120	398.529	0.440	3.790	8.614	67.205
7/28/2010 11:53:42	165.538	400.000	0.439	400.610	399.323	0.410	3.760	9.171	67.212
7/28/2010 11:53:43	166.039	400.000	0.441	399.810	399.841	0.410	3.700	9.024	67.092
7/28/2010 11:53:43	166.538	400.000	0.439	400.570	399.353	0.410	3.700	9.024	67.245
7/28/2010 11:53:44	167.039	400.000	0.442	399.410	400.421	0.390	3.680	9.436	67.150
7/28/2010 11:53:44	167.538	400.000	0.440	400.120	400.391	0.420	3.810	9.071	67.240
7/28/2010 11:53:45	168.039	400.000	0.442	399.430	400.116	0.400	3.700	9.250	67.091
7/28/2010 11:53:45	168.538	400.000	0.440	400.070	402.069	0.400	3.700	9.250	67.238
7/28/2010 11:53:46	169.039	400.000	0.440	400.150	401.886	0.420	3.790	9.024	67.241
7/28/2010 11:53:46	169.538	400.000	0.439	400.560	400.879	0.400	3.790	9.475	67.217
7/28/2010 11:53:47	170.038	400.000	0.441	399.780	401.672	0.400	3.790	9.475	67.102
7/28/2010 11:53:47	170.539	400.000	0.439	400.570	402.283	0.440	3.810	8.659	67.265
7/28/2010 11:53:48	171.038	400.000	0.441	399.840	402.374	0.380	3.660	9.632	67.124
7/28/2010 11:53:48	171.538	400.000	0.440	400.170	402.161	0.420	3.810	9.071	67.244
7/28/2010 11:53:49	172.038	400.000	0.442	399.280	403.870	0.420	3.810	9.071	67.138
7/28/2010 11:53:49	172.539	400.000	0.440	399.970	405.762	0.410	3.810	9.293	67.219
7/28/2010 11:53:50	173.038	400.000	0.439	400.640	406.708	0.400	3.760	9.400	67.245
7/28/2010 11:53:50	173.538	400.000	0.441	399.780	408.905	0.400	3.760	9.400	67.139
7/28/2010 11:53:51	174.039	400.000	0.439	400.590	412.598	0.400	3.790	9.475	67.279
7/28/2010 11:53:51	174.538	400.000	0.440	400.150	415.375	0.380	3.680	9.684	67.143
7/28/2010 11:53:52	175.038	400.000	0.439	400.510	417.542	0.400	3.790	9.475	67.246
7/28/2010 11:53:52	175.538	400.000	0.441	399.860	420.227	0.400	3.660	9.150	67.173
7/28/2010 11:53:53	176.038	400.000	0.439	400.580	420.929	0.400	3.660	9.150	67.264
7/28/2010 11:53:53	176.539	400.000	0.440	399.900	421.356	0.390	3.660	9.385	67.136
7/28/2010 11:53:54	177.038	400.000	0.438	400.710	421.478	0.440	3.790	8.614	67.270
7/28/2010 11:53:54	177.539	400.000	0.441	399.710	421.478	0.410	3.700	9.024	67.125
7/28/2010 11:53:55	178.038	400.000	0.439	400.570	421.326	0.410	3.700	9.024	67.271
7/28/2010 11:53:55	178.539	400.000	0.440	399.910	421.600	0.420	3.700	8.810	67.138
7/28/2010 11:53:56	179.038	400.000	0.438	400.590	421.753	0.390	3.790	9.718	67.264
7/28/2010 11:53:56	179.539	400.000	0.440	399.760	422.455	0.420	3.660	8.714	67.160
7/28/2010 11:53:57	180.038	400.000	0.438	400.850	422.516	0.420	3.660	8.714	67.259
7/28/2010 11:53:57	180.539	400.000	0.440	399.960	422.302	0.390	3.680	9.436	67.190
7/28/2010 11:53:58	181.038	400.000	0.441	399.590	422.485	0.390	3.570	9.154	67.169
7/28/2010 11:53:58	181.539	400.000	0.440	399.990	422.638	0.420	3.810	9.071	67.291
7/28/2010 11:53:59	182.038	400.000	0.441	399.290	422.211	0.420	3.810	9.071	67.199
7/28/2010 11:53:59	182.539	400.000	0.439	400.210	421.997	0.430	3.790	8.814	67.330
7/28/2010 11:54:00	183.038	400.000	0.441	399.530	422.211	0.430	3.790	8.814	67.185
7/28/2010 11:54:00	183.539	400.000	0.439	400.460	422.180	0.390	3.790	9.718	67.335
7/28/2010 11:54:01	184.039	400.000	0.441	399.480	421.783	0.390	3.680	9.436	67.148
7/28/2010 11:54:01	184.538	400.000	0.438	400.610	422.272	0.430	3.790	8.814	67.330
7/28/2010 11:54:02	185.038	400.000	0.441	399.710	422.760	0.420	3.680	8.762	67.193
7/28/2010 11:54:02	185.539	400.000	0.438	400.600	422.852	0.420	3.680	8.762	67.333
7/28/2010 11:54:03	186.039	400.000	0.441	399.600	422.607	0.440	3.680	8.364	67.193
7/28/2010 11:54:03	186.538	400.000	0.439	400.400	422.913	0.410	3.790	9.244	67.371
7/28/2010 11:54:04	187.038	400.000	0.440	399.790	422.455	0.410	3.700	9.024	67.193
7/28/2010 11:54:04	187.539	400.000	0.438	400.750	422.241	0.440	3.790	8.614	67.337
7/28/2010 11:54:05	188.038	400.000	0.440	399.880	422.089	0.440	3.790	8.614	67.217
7/28/2010 11:54:05	188.539	400.000	0.438	400.660	422.211	0.390	3.790	9.718	67.357
7/28/2010 11:54:06	189.038	400.000	0.440	400.090	422.485	0.390	3.790	9.718	67.210
7/28/2010 11:54:06	189.539	400.000	0.441	399.520	422.516	0.400	3.640	9.100	67.224
7/28/2010 11:54:07	190.039	400.000	0.439	400.410	422.211	0.400	3.810	9.525	67.339
7/28/2010 11:54:07	190.538	400.000	0.441	399.600	422.150	0.380	3.680	9.684	67.229
7/28/2010 11:54:08	191.038	400.000	0.438	400.590	422.546	0.420	3.830	9.119	67.348
7/28/2010 11:54:08	191.539	400.000	0.441	399.480	422.302	0.400	3.680	9.200	67.214
7/28/2010 11:54:09	192.038	400.000	0.439	400.240	422.211	0.400	3.680	9.200	67.358
7/28/2010 11:54:09	192.539	400.000	0.440	400.000	422.363	0.370	3.680	9.946	67.223
7/28/2010 11:54:10	193.038	400.000	0.441	399.220	422.546	0.410	3.640	8.878	67.254
7/28/2010 11:54:10	193.539	400.000	0.439	400.040	422.211	0.420	3.810	9.071	67.371
7/28/2010 11:54:11	194.038	400.000	0.441	399.590	421.906	0.420	3.810	9.071	67.245
7/28/2010 11:54:11	194.539	400.000	0.438	400.550	421.875	0.410	3.790	9.244	67.363
7/28/2010 11:54:12	195.038	400.000	0.441	399.410	422.180	0.400	3.680	9.200	67.235
7/28/2010 11:54:12	195.539	400.000	0.438	400.510	422.394	0.430	3.790	8.814	67.389
7/28/2010 11:54:13	196.038	400.000	0.441	399.520	422.455	0.430	3.790	8.814	67.250
7/28/2010 11:54:13	196.539	400.000	0.439	400.470	422.516	0.410	3.790	9.244	67.422
7/28/2010 11:54:14	197.038	400.000	0.440	399.790	422.943	0.390	3.680	9.436	67.245
7/28/2010 11:54:14	197.539	400.000	0.439	400.330	423.279	0.390	3.680	9.436	67.385
7/28/2010 11:54:15	198.039	400.000	0.440	399.830	423.004	0.420	3.660	8.714	67.284
7/28/2010 11:54:15	198.538	400.000	0.439	400.440	422.577	0.420	3.790	9.024	67.429
7/28/2010 11:54:16	199.038	400.000	0.440	399.700	422.729	0.410	3.680	8.976	67.276
7/28/2010 11:54:16	199.538	400.000	0.439	400.380	422.150	0.410	3.680	8.976	67.399
7/28/2010 11:54:17	200.039	400.000	0.440	399.840	421.753	0.380	3.700	9.737	67.283
7/28/2010 11:54:17	200.538	400.000	0.438	400.640	421.783	0.410	3.790	9.244	67.283
7/28/2010 11:54:18	201.038	400.000	0.440	399.870	422.485	0.390	3.680	9.436	67.253
7/28/2010 11:54:18	201.539	400.000	0.438	400.750	422.729	0.390	3.790	9.718	67.301
7/28/2010 11:54:19	202.038	400.000	0.440	400.010	422.913	0.390	3.790	9.718	67.290
7/28/2010 11:54:19	202.539	400.000	0.440	399.710	422.821	0.420	3.660	8.714	67.304
7/28/2010 11:54:20	203.038	400.000	0.438	400.420	422.882	0.420	3.810	9.071	67.390
7/28/2010 11:54:20	203.539	400.000	0.440	399.690	422.546	0.400	3.700	9.250	67.409
7/28/2010 11:54:21	204.038	400.000	0.438	400.410	422.333	0.400	3.700	9.250	67.431
7/28/2010 11:54:21	204.539	400.000	0.440	399.950	422.577	0.410	3.700	9.024	67.345
7/28/2010 11:54:22	205.039	400.000	0.440	399.590	422.577	0.410	3.700	9.024	67.339
7/28/2010 11:54:22	205.538	400.000	0.439	400.150	422.241	0.410	3.700	9.024	67.333
7/28/2010 11:54:23	206.039	400.000	0.440	399.640	422.089	0.410	3.700	9.024	67.321
7/28/2010 11:54:23	206.538	400.000	0.438	400.480	421.844	0.420	3.790	9.024	67.350
7/28/2010 11:54:24	207.039	400.000	0.439	400.040	421.753	0.410	3.660	8.927	67.274
7/28/2010 11:54:24	207.538	400.000	0.440	399.700	421.722	0.410	3.660	8.927	67.325
7/28/2010 11:54:25	208.039	400.000	0.439	400.360	421.844	0.430	3.810	8.860	67.446
7/28/2010 11:54:25	208.538	400.000	0.441	399.380	422.211	0.390	3.680	9.436	67.342
7/28/2010 11:54:26	209.039	400.000	0.438	400.420	422.394	0.410	3.810	9.293	67.469
7/28/2010 11:54:26	209.538	400.000	0.440	399.730	422.485	0.410	3.810	9.293	67.328
7/28/2010 11:54:27	210.039	400.000	0.439	400.230	422.638	0.390	3.790	9.718	67.465
7/28/2010 11:54:27	210.538	400.000	0.440	399.980	422.577	0.410	3.680	8.976	67.300
7/28/2010 11:54:28	211.039	400.000	0.440	399.660	421.661	0.380	3.680	9.684	67.356
7/28/2010 11:54:28	211.538	400.000	0.439	400.260	421.112	0.380	3.680	9.684	67.471
7/28/2010 11:54:29	212.039	400.000	0.440	399.650	420.990	0.410	3.680	8.976	67.333
7/28/2010 11:54:29	212.538	400.000	0.439	400.360	420.929	0.400	3.810	9.525	67.485
7/28/2010 11:54:30	213.039	400.000	0.441	399.520	421.204	0.380	3.680	9.684	67.349
7/28/2010 11:54:30	213.538	400.000	0.439	400.320	421.997	0.380	3.680	9.684	67.493
7/28/2010 11:54:31	214.039	400.000	0.440	399.780	422.974	0.380	3.680	9.684	67.346
7/28/2010 11:54:31	214.538	400.000	0.439	400.330	422.913	0.420	3.790	9.024	67.488
7/28/2010 11:54:32	215.039	400.000	0.440	399.710	422.485	0.420	3.790	9.024	67.358
7/28/2010 11:54:32	215.539	400.000	0.438	400.460	422.241	0.410	3.790	9.244	67.520
7/28/2010 11:54:33	216.038	400.000	0.440	399.720	422.272	0.390	3.680	9.436	67.347
7/28/2010 11:54:33	216.538	400.000	0.437	401.000	422.089	0.390	3.680	9.436	67.490
7/28/2010 11:54:34	217.039	400.000	0.440	399.930	422.241	0.390	3.660	9.385	67.362
7/28/2010 11:54:34	217.538	400.000	0.440	399.650	422.455	0.390	3.610	9.256	67.363
7/28/2010 11:54:35	218.038	400.000	0.439	400.140	422.302	0.420	3.830	9.119	67.486
7/28/2010 11:54:35	218.538	400.000	0.441	399.180	422.272	0.400	3.680	9.200	67.381
7/28/2010 11:54:36	219.038	400.000	0.438	400.380	421.814	0.400	3.680	9.200	67.505
7/28/2010 11:54:36	219.539	400.000	0.441	399.510	421.875	0.390	3.680	9.436	67.423
7/28/2010 11:54:37	220.038	400.000	0.439	400.350	422.333	0.420	3.790	9.024	67.513
7/28/2010 11:54:37	220.538	400.000	0.441	399.430	422.607	0.420	3.790	9.024	67.379
7/28/2010 11:54:38	221.039	400.000	0.438	400.550	423.035	0.400	3.810	9.525	67.522
7/28/2010 11:54:38	221.538	400.000	0.440	399.680	423.676	0.370	3.680	9.946	67.367
7/28/2010 11:54:39	222.038	400.000	0.438	400.580	423.553	0.420	3.790	9.024	67.522
7/28/2010 11:54:39	222.538	400.000	0.440	400.010	423.431	0.420	3.790	9.024	67.396
7/28/2010 11:54:40	223.039	400.000	0.440	399.560	423.340	0.390	3.660	9.385	67.423
7/28/2010 11:54:40	223.538	400.000	0.438	400.500	422.638	0.440	3.810	8.659	67.558
7/28/2010 11:54:41	224.038	400.000	0.441	399.560	422.516	0.380	3.700	9.737	67.411
7/28/2010 11:54:41	224.539	400.000	0.438	400.460	422.241	0.390	3.790	9.718	67.563
7/28/2010 11:54:42	225.038	400.000	0.440	399.640	422.089	0.390	3.790	9.718	67.417
7/28/2010 11:54:42	225.539	400.000	0.438	400.480	422.089	0.420	3.760	8.952	67.555
7/28/2010 11:54:43	226.038	400.000	0.440	399.790	422.607	0.380	3.680	9.684	67.397
7/28/2010 11:54:43	226.539	400.000	0.438	400.510	422.058	0.400	3.790	9.475	67.562
7/28/2010 11:54:44	227.039	400.000	0.440	399.780	422.180	0.400	3.790	9.475	67.447
7/28/2010 11:54:44	227.539	400.000	0.438	400.740	422.028	0.420	3.790	9.024	67.556
7/28/2010 11:54:45	228.038	400.000	0.440	399.610	421.997	0.390	3.660	9.385	67.424
7/28/2010 11:54:45	228.539	400.000	0.438	400.490	421.814	0.390	3.660	9.385	67.577
7/28/2010 11:54:46	229.039	400.000	0.440	399.780	422.180	0.400	3.680	9.200	67.449
7/28/2010 11:54:46	229.538	400.000	0.441	399.440	422.272	0.410	3.640	8.878	67.457
7/28/2010 11:54:47	230.038	400.000	0.439	400.170	422.058	0.410	3.810	9.293	67.586
7/28/2010 11:54:47	230.539	400.000	0.441	399.400	422.272	0.410	3.810	9.293	67.485
7/28/2010 11:54:48	231.039	400.000	0.439	400.000	421.783	0.430	3.760	8.744	67.606
7/28/2010 11:54:48	231.538	400.000	0.440	399.690	421.356	0.380	3.660	9.632	67.466
7/28/2010 11:54:49	232.038	400.000	0.438	400.550	421.814	0.410	3.830	9.341	67.591
7/28/2010 11:54:49	232.539	400.000	0.440	399.740	421.967	0.400	3.700	9.250	67.507
7/28/2010 11:54:50	233.038	400.000	0.438	400.550	421.844	0.400	3.700	9.250	67.625
7/28/2010 11:54:50	233.539	400.000	0.440	399.810	421.967	0.380	3.680	9.684	67.470
7/28/2010 11:54:51	234.038	400.000	0.440	399.630	422.272	0.380	3.680	9.684	67.499
7/28/2010 11:54:51	234.539	400.000	0.438	400.390	421.906	0.380	3.680	9.684	67.615
7/28/2010 11:54:52	235.039	400.000	0.441	399.400	421.844	0.400	3.700	9.250	67.482
7/28/2010 11:54:52	235.538	400.000	0.438	400.390	421.875	0.400	3.790	9.475	67.616
7/28/2010 11:54:53	236.038	400.000	0.440	399.810	422.363	0.410	3.680	8.976	67.489
7/28/2010 11:54:53	236.539	400.000	0.441	399.320	422.485	0.400	3.660	9.150	67.450
7/28/2010 11:54:54	237.038	400.000	0.439	400.110	422.028	0.400	3.660	9.150	67.633
7/28/2010 11:54:54	237.539	400.000	0.441	399.350	421.844	0.390	3.700	9.487	67.511
7/28/2010 11:54:55	238.038	400.000	0.439	400.070	421.967	0.420	3.790	9.024	67.638
7/28/2010 11:54:55	238.539	400.000	0.441	399.500	422.058	0.400	3.720	9.300	67.522
7/28/2010 11:54:56	239.038	400.000	0.438	400.610	422.089	0.400	3.720	9.300	67.617
7/28/2010 11:54:56	239.539	400.000	0.440	399.790	422.302	0.400	3.700	9.250	67.502
7/28/2010 11:54:57	240.038	400.000	0.439	400.450	423.309	0.420	3.760	8.952	67.660
7/28/2010 11:54:57	240.539	400.000	0.441	399.650	423.126	0.400	3.680	9.200	67.473
7/28/2010 11:54:58	241.038	400.000	0.438	400.710	422.607	0.400	3.680	9.200	67.645
7/28/2010 11:54:58	241.539	400.000	0.440	399.920	422.363	0.390	3.680	9.436	67.523
7/28/2010 11:54:59	242.038	400.000	0.441	399.510	422.302	0.380	3.660	9.632	67.519
7/28/2010 11:54:59	242.539	400.000	0.439	400.410	421.173	0.400	3.810	9.525	67.631
7/28/2010 11:55:00	243.038	400.000	0.441	399.540	421.326	0.400	3.810	9.525	67.517
7/28/2010 11:55:00	243.539	400.000	0.438	400.610	421.783	0.410	3.790	9.244	67.662
7/28/2010 11:55:01	244.038	400.000	0.440	399.740	421.844	0.420	3.700	8.810	67.517
7/28/2010 11:55:01	244.539	400.000	0.438	400.500	422.150	0.400	3.790	9.475	67.669
7/28/2010 11:55:02	245.038	400.000	0.440	399.750	422.455	0.400	3.790	9.475	67.536
7/28/2010 11:55:02	245.539	400.000	0.438	400.840	422.607	0.430	3.790	8.814	67.669
7/28/2010 11:55:03	246.038	400.000	0.439	400.180	422.607	0.410	3.680	8.976	67.558
7/28/2010 11:55:03	246.539	400.000	0.440	399.860	422.821	0.400	3.680	9.200	67.539
7/28/2010 11:55:04	247.038	400.000	0.441	399.200	422.791	0.400	3.680	9.200	67.552
7/28/2010 11:55:04	247.539	400.000	0.439	400.210	422.943	0.390	3.830	9.821	67.618
7/28/2010 11:55:05	248.038	400.000	0.441	399.450	422.241	0.380	3.700	9.737	67.559
7/28/2010 11:55:05	248.538	400.000	0.439	400.400	421.509	0.380	3.700	9.737	67.674
7/28/2010 11:55:06	249.039	400.000	0.441	399.570	421.509	0.390	3.700	9.487	67.513
7/28/2010 11:55:06	249.538	400.000	0.439	400.430	421.356	0.430	3.790	8.814	67.678
7/28/2010 11:55:07	250.038	400.000	0.440	399.920	421.478	0.400	3.680	9.200	67.544
7/28/2010 11:55:07	250.538	400.000	0.441	399.180	422.180	0.400	3.680	9.200	67.570
7/28/2010 11:55:08	251.039	400.000	0.439	400.270	422.211	0.440	3.810	8.659	67.687
7/28/2010 11:55:08	251.538	400.000	0.441	399.490	422.302	0.400	3.700	9.250	67.546
7/28/2010 11:55:09	252.038	400.000	0.439	400.120	421.783	0.400	3.700	9.250	67.725
7/28/2010 11:55:09	252.539	400.000	0.441	399.640	421.814	0.410	3.700	9.024	67.583
7/28/2010 11:55:10	253.038	400.000	0.438	400.750	421.753	0.410	3.790	9.244	67.712
7/28/2010 11:55:10	253.538	400.000	0.440	399.740	422.150	0.400	3.680	9.200	67.563
7/28/2010 11:55:11	254.039	400.000	0.438	400.600	421.844	0.400	3.790	9.475	67.722
7/28/2010 11:55:11	254.538	400.000	0.440	399.860	422.516	0.400	3.790	9.475	67.584
7/28/2010 11:55:12	255.039	400.000	0.438	400.840	422.455	0.410	3.790	9.244	67.716
7/28/2010 11:55:12	255.538	400.000	0.440	400.030	422.119	0.390	3.680	9.436	67.599
7/28/2010 11:55:13	256.039	400.000	0.440	399.680	422.241	0.400	3.680	9.200	67.604
7/28/2010 11:55:13	256.538	400.000	0.439	400.330	422.089	0.400	3.680	9.200	67.701
7/28/2010 11:55:14	257.039	400.000	0.440	399.970	421.906	0.400	3.700	9.250	67.617
7/28/2010 11:55:14	257.538	400.000	0.441	399.490	422.089	0.400	3.680	9.200	67.626
7/28/2010 11:55:15	258.039	400.000	0.439	400.080	422.089	0.400	3.680	9.200	67.740
7/28/2010 11:55:15	258.539	400.000	0.441	399.430	422.028	0.390	3.720	9.538	67.628
7/28/2010 11:55:16	259.038	400.000	0.439	400.200	422.455	0.410	3.790	9.244	67.762
7/28/2010 11:55:16	259.538	400.000	0.441	399.600	422.546	0.390	3.700	9.487	67.588
7/28/2010 11:55:17	260.039	400.000	0.438	400.620	422.546	0.390	3.790	9.718	67.758
7/28/2010 11:55:17	260.538	400.000	0.440	399.930	422.699	0.390	3.790	9.718	67.633
7/28/2010 11:55:18	261.039	400.000	0.441	399.580	422.821	0.400	3.640	9.100	67.609
7/28/2010 11:55:18	261.538	400.000	0.439	400.200	422.638	0.420	3.810	9.071	67.704
7/28/2010 11:55:19	262.039	400.000	0.441	399.350	422.302	0.400	3.700	9.250	67.633
7/28/2010 11:55:19	262.538	400.000	0.439	400.210	422.119	0.400	3.700	9.250	67.755
7/28/2010 11:55:20	263.039	400.000	0.441	399.620	422.119	0.410	3.720	9.073	67.638
7/28/2010 11:55:20	263.538	400.000	0.439	400.340	421.967	0.430	3.790	8.814	67.798
7/28/2010 11:55:21	264.039	400.000	0.440	399.770	421.906	0.410	3.720	9.073	67.660
7/28/2010 11:55:21	264.538	400.000	0.438	400.670	422.272	0.410	3.720	9.073	67.764
7/28/2010 11:55:22	265.039	400.000	0.440	400.090	422.302	0.380	3.700	9.737	67.643
7/28/2010 11:55:22	265.538	400.000	0.440	399.640	422.394	0.390	3.700	9.487	67.634
7/28/2010 11:55:23	266.039	400.000	0.439	400.430	422.180	0.390	3.700	9.487	67.784
7/28/2010 11:55:23	266.539	400.000	0.440	399.780	421.936	0.410	3.700	9.024	67.630
7/28/2010 11:55:24	267.038	400.000	0.438	400.490	422.058	0.410	3.790	9.244	67.793
7/28/2010 11:55:24	267.538	400.000	0.440	399.770	421.844	0.410	3.700	9.024	67.644
7/28/2010 11:55:25	268.038	400.000	0.438	400.800	421.478	0.400	3.790	9.475	67.816
7/28/2010 11:55:25	268.538	400.000	0.440	399.800	421.509	0.400	3.680	9.200	67.625
7/28/2010 11:55:26	269.039	400.000	0.438	400.530	421.448	0.410	3.790	9.244	67.796
7/28/2010 11:55:26	269.539	400.000	0.439	400.120	421.448	0.410	3.790	9.244	67.664
7/28/2010 11:55:27	270.039	400.000	0.441	399.470	421.814	0.410	3.680	8.976	67.670
7/28/2010 11:55:27	270.538	400.000	0.439	400.230	422.150	0.420	3.810	9.071	67.793
7/28/2010 11:55:28	271.039	400.000	0.440	399.760	422.089	0.410	3.700	9.024	67.680
7/28/2010 11:55:28	271.539	400.000	0.439	400.390	422.638	0.410	3.700	9.024	67.799
7/28/2010 11:55:29	272.039	400.000	0.440	399.640	422.668	0.420	3.680	8.762	67.673
7/28/2010 11:55:29	272.538	400.000	0.438	400.610	422.729	0.420	3.680	8.762	67.803
7/28/2010 11:55:30	273.039	400.000	0.440	399.580	422.729	0.410	3.680	8.976	67.685
7/28/2010 11:55:30	273.538	400.000	0.437	400.800	422.913	0.410	3.680	8.976	67.827
7/28/2010 11:55:31	274.039	400.000	0.439	400.020	422.882	0.430	3.680	8.558	67.705
7/28/2010 11:55:31	274.538	400.000	0.441	399.300	422.760	0.420	3.660	8.714	67.701
7/28/2010 11:55:32	275.038	400.000	0.439	400.210	422.363	0.420	3.810	9.071	67.791
7/28/2010 11:55:32	275.538	400.000	0.440	399.720	422.058	0.420	3.810	9.071	67.703
7/28/2010 11:55:33	276.039	400.000	0.438	400.460	421.844	0.420	3.810	9.071	67.851
7/28/2010 11:55:33	276.538	400.000	0.440	399.880	421.814	0.400	3.680	9.200	67.680
7/28/2010 11:55:34	277.038	400.000	0.441	399.200	421.906	0.390	3.660	9.385	67.715
7/28/2010 11:55:34	277.539	400.000	0.439	400.230	421.997	0.410	3.810	9.293	67.818
7/28/2010 11:55:35	278.038	400.000	0.441	399.240	422.668	0.410	3.810	9.293	67.735
7/28/2010 11:55:35	278.539	400.000	0.439	400.130	422.943	0.410	3.790	9.244	67.856
7/28/2010 11:55:36	279.038	400.000	0.441	399.540	422.485	0.390	3.680	9.436	67.711
7/28/2010 11:55:36	279.539	400.000	0.438	400.510	422.363	0.430	3.790	8.814	67.853
7/28/2010 11:55:37	280.038	400.000	0.440	399.780	422.363	0.430	3.790	8.814	67.749
7/28/2010 11:55:37	280.539	400.000	0.439	400.420	421.936	0.420	3.790	9.024	67.847
7/28/2010 11:55:38	281.038	400.000	0.440	399.650	422.058	0.390	3.660	9.385	67.732
7/28/2010 11:55:38	281.539	400.000	0.438	400.620	422.424	0.420	3.790	9.024	67.885
7/28/2010 11:55:39	282.038	400.000	0.441	399.570	422.607	0.420	3.790	9.024	67.751
7/28/2010 11:55:39	282.539	400.000	0.438	400.640	422.546	0.430	3.760	8.744	67.866
7/28/2010 11:55:40	283.038	400.000	0.440	399.660	422.638	0.420	3.680	8.762	67.741
7/28/2010 11:55:40	283.539	400.000	0.438	400.760	422.485	0.420	3.680	8.762	67.863
7/28/2010 11:55:41	284.039	400.000	0.440	400.010	422.302	0.390	3.700	9.487	67.735
7/28/2010 11:55:41	284.538	400.000	0.440	399.520	422.028	0.410	3.660	8.927	67.766
7/28/2010 11:55:42	285.038	400.000	0.438	400.410	422.211	0.400	3.810	9.525	67.908
7/28/2010 11:55:42	285.539	400.000	0.440	399.640	422.089	0.420	3.700	8.810	67.751
7/28/2010 11:55:43	286.038	400.000	0.438	400.690	421.753	0.420	3.700	8.810	67.899
7/28/2010 11:55:43	286.539	400.000	0.440	399.650	421.997	0.400	3.700	9.250	67.755
7/28/2010 11:55:44	287.038	400.000	0.439	400.290	421.936	0.410	3.790	9.244	67.942
7/28/2010 11:55:44	287.539	400.000	0.440	399.960	422.180	0.410	3.790	9.244	67.784
7/28/2010 11:55:45	288.039	400.000	0.441	399.300	422.089	0.410	3.660	8.927	67.747
7/28/2010 11:55:45	288.538	400.000	0.440	399.880	421.936	0.400	3.830	9.575	67.913
7/28/2010 11:55:46	289.038	400.000	0.441	399.330	421.722	0.410	3.700	9.024	67.804
7/28/2010 11:55:46	289.539	400.000	0.439	400.400	421.570	0.440	3.810	8.659	67.919
7/28/2010 11:55:47	290.038	400.000	0.440	399.680	421.509	0.440	3.810	8.659	67.774
7/28/2010 11:55:47	290.539	400.000	0.439	400.260	421.997	0.430	3.790	8.814	67.913
7/28/2010 11:55:48	291.038	400.000	0.440	399.990	422.638	0.430	3.790	8.814	67.797
7/28/2010 11:55:48	291.539	400.000	0.441	399.530	422.546	0.410	3.680	8.976	67.789
7/28/2010 11:55:49	292.039	400.000	0.439	400.210	422.821	0.410	3.810	9.293	67.937
7/28/2010 11:55:49	292.538	400.000	0.440	399.840	422.302	0.360	3.700	10.278	67.792
7/28/2010 11:55:50	293.038	400.000	0.438	400.640	422.302	0.400	3.790	9.475	67.970
7/28/2010 11:55:50	293.539	400.000	0.440	399.880	422.211	0.400	3.700	9.250	67.803
7/28/2010 11:55:51	294.038	400.000	0.440	399.710	422.485	0.400	3.700	9.250	67.815
7/28/2010 11:55:51	294.539	400.000	0.438	400.470	422.333	0.400	3.810	9.525	67.932
7/28/2010 11:55:52	295.038	400.000	0.440	399.890	422.699	0.400	3.700	9.250	67.801
7/28/2010 11:55:52	295.538	400.000	0.441	399.360	422.302	0.400	3.680	9.200	67.789
7/28/2010 11:55:53	296.038	400.000	0.439	400.110	421.997	0.400	3.680	9.200	67.980
7/28/2010 11:55:53	296.539	400.000	0.441	399.380	421.844	0.400	3.720	9.300	67.827
7/28/2010 11:55:54	297.038	400.000	0.438	400.480	421.906	0.430	3.810	8.860	67.987
7/28/2010 11:55:54	297.539	400.000	0.440	399.840	421.814	0.430	3.810	8.860	67.807
7/28/2010 11:55:55	298.039	400.000	0.439	400.460	422.058	0.400	3.790	9.475	67.978
7/28/2010 11:55:55	298.538	400.000	0.440	400.000	422.455	0.400	3.700	9.250	67.858
7/28/2010 11:55:56	299.038	400.000	0.440	399.610	422.424	0.430	3.660	8.512	67.841
7/28/2010 11:55:56	299.539	400.000	0.439	400.190	422.211	0.410	3.830	9.341	67.936
7/28/2010 11:55:57	300.038	400.000	0.441	399.350	422.028	0.410	3.830	9.341	67.858
7/28/2010 11:55:57	300.539	400.000	0.441	399.590	421.997	0.440	3.530	8.023	67.978
7/28/2010 11:55:58	301.039	400.000	0.440	399.660	421.997	0.420	3.720	8.857	67.894
7/28/2010 11:55:58	301.538	400.000	0.440	399.990	422.180	0.420	3.720	8.857	67.923
7/28/2010 11:55:59	302.039	400.000	0.442	399.210	422.943	0.400	3.530	8.825	67.838
7/28/2010 11:55:59	302.538	400.000	0.441	399.620	423.218	0.410	3.740	9.122	67.920
7/28/2010 11:56:00	303.039	400.000	0.441	399.650	423.096	0.410	3.760	9.171	67.962
7/28/2010 11:56:00	303.538	400.000	0.439	400.270	422.791	0.410	3.760	9.171	67.949
7/28/2010 11:56:01	304.039	400.000	0.441	399.690	422.638	0.380	3.640	9.579	67.818
7/28/2010 11:56:01	304.538	400.000	0.439	400.230	422.424	0.410	3.790	9.244	67.986
7/28/2010 11:56:02	305.039	400.000	0.442	399.400	422.363	0.380	3.660	9.632	67.837
7/28/2010 11:56:02	305.538	400.000	0.440	400.140	422.333	0.380	3.660	9.632	67.972
7/28/2010 11:56:03	306.039	400.000	0.441	399.630	422.485	0.390	3.660	9.385	67.842
7/28/2010 11:56:03	306.538	400.000	0.439	400.290	422.668	0.430	3.790	8.814	67.998
7/28/2010 11:56:04	307.039	400.000	0.441	399.680	422.638	0.420	3.680	8.762	67.856
7/28/2010 11:56:04	307.538	400.000	0.440	400.190	422.668	0.420	3.680	8.762	67.998
7/28/2010 11:56:05	308.039	400.000	0.441	399.530	422.485	0.380	3.680	9.684	67.921
7/28/2010 11:56:05	308.538	400.000	0.439	400.380	422.424	0.420	3.810	9.071	68.030
7/28/2010 11:56:06	309.039	400.000	0.441	399.510	422.211	0.400	3.700	9.250	67.873
7/28/2010 11:56:06	309.538	400.000	0.439	400.580	421.814	0.410	3.790	9.244	68.001
7/28/2010 11:56:07	310.039	400.000	0.442	399.450	421.875	0.410	3.790	9.244	67.875
7/28/2010 11:56:07	310.538	400.000	0.439	400.540	422.241	0.420	3.760	8.952	68.019
7/28/2010 11:56:08	311.039	400.000	0.441	399.810	422.272	0.420	3.660	8.714	67.887
7/28/2010 11:56:08	311.538	400.000	0.438	400.740	422.272	0.420	3.660	8.714	68.004
7/28/2010 11:56:09	312.039	400.000	0.441	399.580	422.577	0.380	3.680	9.684	67.913
7/28/2010 11:56:09	312.538	400.000	0.439	400.490	422.516	0.420	3.810	9.071	68.011
7/28/2010 11:56:10	313.039	400.000	0.440	399.950	422.058	0.390	3.700	9.487	67.904
7/28/2010 11:56:10	313.538	400.000	0.439	400.640	421.967	0.420	3.790	9.024	68.036
7/28/2010 11:56:11	314.039	400.000	0.440	400.050	422.089	0.420	3.790	9.024	67.930
7/28/2010 11:56:11	314.538	400.000	0.438	400.840	421.967	0.400	3.790	9.475	68.061
7/28/2010 11:56:12	315.038	400.000	0.440	399.890	421.753	0.390	3.680	9.436	67.898
7/28/2010 11:56:12	315.538	400.000	0.437	401.160	422.119	0.410	3.790	9.244	68.064
7/28/2010 11:56:13	316.039	400.000	0.440	399.890	422.180	0.410	3.790	9.244	67.925
7/28/2010 11:56:13	316.538	400.000	0.438	400.860	421.844	0.410	3.790	9.244	68.076
7/28/2010 11:56:14	317.038	400.000	0.439	400.120	421.936	0.420	3.680	8.762	67.918
7/28/2010 11:56:14	317.538	400.000	0.440	399.640	422.272	0.400	3.660	9.150	67.943
7/28/2010 11:56:15	318.039	400.000	0.438	400.750	422.180	0.400	3.660	9.150	68.057
7/28/2010 11:56:15	318.538	400.000	0.440	399.890	422.211	0.400	3.660	9.150	67.925
7/28/2010 11:56:16	319.039	400.000	0.440	399.680	422.546	0.400	3.700	9.250	67.971
7/28/2010 11:56:16	319.538	400.000	0.439	400.290	422.302	0.410	3.810	9.293	68.056
7/28/2010 11:56:17	320.038	400.000	0.441	399.460	421.722	0.400	3.700	9.250	67.986
7/28/2010 11:56:17	320.539	400.000	0.439	400.350	421.539	0.410	3.810	9.293	68.093
7/28/2010 11:56:18	321.039	400.000	0.440	399.830	421.509	0.410	3.810	9.293	67.934
7/28/2010 11:56:18	321.539	400.000	0.440	399.700	421.387	0.390	3.700	9.487	67.963
7/28/2010 11:56:19	322.038	400.000	0.439	400.220	421.570	0.410	3.810	9.293	68.127
7/28/2010 11:56:19	322.539	400.000	0.440	399.880	422.089	0.410	3.810	9.293	67.974
7/28/2010 11:56:20	323.039	400.000	0.441	399.350	422.363	0.390	3.700	9.487	67.971
7/28/2010 11:56:20	323.538	400.000	0.439	400.330	422.638	0.400	3.810	9.525	68.116
7/28/2010 11:56:21	324.038	400.000	0.441	399.620	422.974	0.440	3.720	8.455	67.999
7/28/2010 11:56:21	324.539	400.000	0.438	400.580	423.065	0.400	3.610	9.025	68.154
7/28/2010 11:56:22	325.039	400.000	0.442	399.230	422.943	0.400	3.610	9.025	67.874
7/28/2010 11:56:22	325.539	400.000	0.441	399.260	422.241	0.400	3.700	9.250	67.975
7/28/2010 11:56:23	326.038	400.000	0.441	399.300	421.906	0.410	3.760	9.171	68.031
7/28/2010 11:56:23	326.539	400.000	0.440	399.810	421.509	0.400	3.590	8.975	68.013
7/28/2010 11:56:24	327.038	400.000	0.441	399.660	421.051	0.400	3.590	8.975	68.081
7/28/2010 11:56:24	327.539	400.000	0.439	400.240	421.112	0.410	3.790	9.244	68.105
7/28/2010 11:56:25	328.038	400.000	0.442	399.370	421.783	0.390	3.640	9.333	67.982
7/28/2010 11:56:25	328.539	400.000	0.440	399.870	422.180	0.390	3.640	9.333	68.121
7/28/2010 11:56:26	329.039	400.000	0.439	400.490	422.180	0.420	3.790	9.024	68.097
7/28/2010 11:56:26	329.538	400.000	0.441	399.780	421.936	0.380	3.680	9.684	67.957
7/28/2010 11:56:27	330.038	400.000	0.439	400.270	421.692	0.410	3.810	9.293	68.112
7/28/2010 11:56:27	330.539	400.000	0.440	399.990	421.936	0.440	3.680	8.364	68.001
7/28/2010 11:56:28	331.038	400.000	0.438	400.770	422.058	0.440	3.680	8.364	68.146
7/28/2010 11:56:28	331.539	400.000	0.440	400.030	422.211	0.390	3.700	9.487	67.986
7/28/2010 11:56:29	332.038	400.000	0.439	400.530	422.974	0.420	3.810	9.071	68.129
7/28/2010 11:56:29	332.539	400.000	0.440	400.020	423.096	0.390	3.680	9.436	68.016
7/28/2010 11:56:30	333.038	400.000	0.441	399.370	423.157	0.390	3.680	9.436	68.018
7/28/2010 11:56:30	333.539	400.000	0.440	400.020	423.035	0.400	3.830	9.575	68.136
7/28/2010 11:56:31	334.038	400.000	0.441	399.710	423.157	0.390	3.700	9.487	68.018
7/28/2010 11:56:31	334.539	400.000	0.439	400.180	422.943	0.430	3.810	8.860	68.167
7/28/2010 11:56:32	335.038	400.000	0.441	399.710	422.974	0.430	3.810	8.860	68.023
7/28/2010 11:56:32	335.539	400.000	0.438	400.670	422.729	0.430	3.810	8.860	68.176
7/28/2010 11:56:33	336.038	400.000	0.441	399.550	422.424	0.430	3.810	8.860	68.029
7/28/2010 11:56:33	336.539	400.000	0.439	400.540	422.485	0.440	3.810	8.659	68.196
7/28/2010 11:56:34	337.039	400.000	0.440	400.140	422.241	0.410	3.700	9.024	68.058
7/28/2010 11:56:34	337.538	400.000	0.440	399.750	422.394	0.400	3.680	9.200	68.045
7/28/2010 11:56:35	338.038	400.000	0.439	400.490	422.119	0.410	3.810	9.293	68.136
7/28/2010 11:56:35	338.539	400.000	0.440	400.010	422.241	0.410	3.810	9.293	68.028
7/28/2010 11:56:36	339.039	400.000	0.441	399.410	422.180	0.420	3.700	8.810	68.040
7/28/2010 11:56:36	339.538	400.000	0.439	400.520	422.272	0.410	3.810	9.293	68.180
7/28/2010 11:56:37	340.038	400.000	0.441	399.710	422.211	0.410	3.720	9.073	68.053
7/28/2010 11:56:37	340.539	400.000	0.438	400.570	422.272	0.440	3.790	8.614	68.216
7/28/2010 11:56:38	341.038	400.000	0.440	399.970	422.333	0.440	3.790	8.614	68.071
7/28/2010 11:56:38	341.539	400.000	0.441	399.490	422.241	0.400	3.700	9.250	68.092
7/28/2010 11:56:39	342.038	400.000	0.438	400.660	422.638	0.430	3.810	8.860	68.180
7/28/2010 11:56:39	342.539	400.000	0.441	399.670	422.668	0.410	3.700	9.024	68.072
7/28/2010 11:56:40	343.038	400.000	0.438	400.710	422.913	0.410	3.700	9.024	68.209
7/28/2010 11:56:40	343.539	400.000	0.439	400.210	422.821	0.390	3.720	9.538	68.082
7/28/2010 11:56:41	344.038	400.000	0.440	399.660	422.821	0.390	3.700	9.487	68.093
7/28/2010 11:56:41	344.539	400.000	0.438	400.590	423.004	0.410	3.830	9.341	68.234
7/28/2010 11:56:42	345.038	400.000	0.440	399.990	422.913	0.410	3.830	9.341	68.080
7/28/2010 11:56:42	345.539	400.000	0.441	399.580	422.943	0.400	3.700	9.250	68.075
7/28/2010 11:56:43	346.038	400.000	0.439	400.110	422.760	0.420	3.810	9.071	68.234
7/28/2010 11:56:43	346.539	400.000	0.440	399.730	422.882	0.390	3.700	9.487	68.109
7/28/2010 11:56:44	347.038	400.000	0.438	400.580	422.272	0.390	3.700	9.487	68.221
7/28/2010 11:56:44	347.539	400.000	0.440	399.780	422.394	0.400	3.680	9.200	68.102
7/28/2010 11:56:45	348.038	400.000	0.438	400.680	421.844	0.420	3.830	9.119	68.269
7/28/2010 11:56:45	348.539	400.000	0.439	400.240	422.089	0.430	3.680	8.558	68.087
7/28/2010 11:56:46	349.038	400.000	0.441	399.550	422.028	0.430	3.680	8.558	68.077
7/28/2010 11:56:46	349.539	400.000	0.438	400.460	422.333	0.390	3.830	9.821	68.235
7/28/2010 11:56:47	350.038	400.000	0.440	399.820	422.363	0.430	3.700	8.605	68.125
7/28/2010 11:56:47	350.538	400.000	0.437	400.880	422.424	0.430	3.700	8.605	68.266
7/28/2010 11:56:48	351.039	400.000	0.440	399.770	422.119	0.390	3.700	9.487	68.139
7/28/2010 11:56:48	351.538	400.000	0.438	400.610	421.814	0.410	3.790	9.244	68.252
7/28/2010 11:56:49	352.038	400.000	0.439	400.120	421.875	0.410	3.700	9.024	68.107
7/28/2010 11:56:49	352.538	400.000	0.440	399.840	421.600	0.410	3.700	9.024	68.120
7/28/2010 11:56:50	353.039	400.000	0.441	399.380	421.967	0.410	3.700	9.024	68.139
7/28/2010 11:56:50	353.538	400.000	0.439	400.200	421.661	0.450	3.810	8.467	68.282
7/28/2010 11:56:51	354.038	400.000	0.440	399.550	421.722	0.400	3.720	9.300	68.150
7/28/2010 11:56:51	354.538	400.000	0.438	400.540	421.509	0.400	3.720	9.300	68.271
7/28/2010 11:56:52	355.039	400.000	0.441	399.210	421.753	0.400	3.420	8.550	68.009
7/28/2010 11:56:52	355.538	400.000	0.442	398.790	421.265	0.400	3.680	9.200	68.154
7/28/2010 11:56:53	356.039	400.000	0.442	398.870	421.356	0.420	3.720	8.857	68.221
7/28/2010 11:56:53	356.538	400.000	0.441	399.230	421.478	0.420	3.720	8.857	68.217
7/28/2010 11:56:54	357.039	400.000	0.442	399.170	421.417	0.410	3.610	8.805	68.149
7/28/2010 11:56:54	357.538	400.000	0.441	399.490	421.326	0.420	3.740	8.905	68.200
7/28/2010 11:56:55	358.039	400.000	0.441	399.750	421.356	0.420	3.740	8.905	68.244
7/28/2010 11:56:55	358.538	400.000	0.440	399.930	421.661	0.420	3.740	8.905	68.215
7/28/2010 11:56:56	359.039	400.000	0.439	400.370	421.875	0.420	3.740	8.905	68.219
7/28/2010 11:56:56	359.538	400.000	0.441	399.630	421.936	0.380	3.590	9.447	68.119
7/28/2010 11:56:57	360.039	400.000	0.440	400.100	421.753	0.440	3.740	8.500	68.254
7/28/2010 11:56:57	360.538	400.000	0.442	399.430	422.302	0.440	3.740	8.500	68.137
7/28/2010 11:56:58	361.039	400.000	0.440	399.910	421.936	0.410	3.790	9.244	68.245
7/28/2010 11:56:58	361.538	400.000	0.440	399.950	421.997	0.440	3.760	8.545	68.268
7/28/2010 11:56:59	362.039	400.000	0.440	400.320	422.272	0.430	3.740	8.698	68.264
7/28/2010 11:56:59	362.538	400.000	0.441	399.760	422.607	0.430	3.740	8.698	68.149
7/28/2010 11:57:00	363.039	400.000	0.440	400.030	422.668	0.410	3.760	9.171	68.241
7/28/2010 11:57:00	363.538	400.000	0.439	400.560	423.187	0.400	3.760	9.400	68.262
7/28/2010 11:57:01	364.039	400.000	0.441	399.610	422.974	0.380	3.610	9.500	68.141
7/28/2010 11:57:01	364.538	400.000	0.440	400.220	422.821	0.380	3.610	9.500	68.285
7/28/2010 11:57:02	365.039	400.000	0.442	399.290	422.821	0.420	3.610	8.595	68.181
7/28/2010 11:57:02	365.538	400.000	0.442	399.340	422.821	0.420	3.700	8.810	68.276
7/28/2010 11:57:03	366.039	400.000	0.440	400.330	422.577	0.420	3.700	8.810	68.304
7/28/2010 11:57:03	366.539	400.000	0.443	398.820	422.516	0.430	3.550	8.256	68.177
7/28/2010 11:57:04	367.038	400.000	0.442	399.150	422.333	0.400	3.740	9.350	68.267
7/28/2010 11:57:04	367.538	400.000	0.441	399.710	421.753	0.410	3.760	9.171	68.300
7/28/2010 11:57:05	368.038	400.000	0.441	399.950	421.661	0.410	3.760	9.171	68.337
7/28/2010 11:57:05	368.539	400.000	0.441	400.060	422.119	0.460	3.530	7.674	68.296
7/28/2010 11:57:06	369.038	400.000	0.440	400.190	422.394	0.420	3.740	8.905	68.279
7/28/2010 11:57:06	369.538	400.000	0.440	400.230	422.607	0.410	3.760	9.171	68.298
7/28/2010 11:57:07	370.038	400.000	0.439	400.980	423.065	0.420	3.740	8.905	68.292
7/28/2010 11:57:07	370.538	400.000	0.441	400.040	423.035	0.420	3.740	8.905	68.192
7/28/2010 11:57:08	371.039	400.000	0.439	400.800	423.004	0.430	3.790	8.814	68.316
7/28/2010 11:57:08	371.538	400.000	0.441	399.770	423.126	0.410	3.640	8.878	68.201
7/28/2010 11:57:09	372.038	400.000	0.440	400.350	423.492	0.400	3.760	9.400	68.328
7/28/2010 11:57:09	372.538	400.000	0.441	399.730	423.248	0.400	3.760	9.400	68.220
7/28/2010 11:57:10	373.039	400.000	0.440	400.240	423.737	0.420	3.790	9.024	68.364
7/28/2010 11:57:10	373.538	400.000	0.441	399.640	423.187	0.390	3.660	9.385	68.213
7/28/2010 11:57:11	374.039	400.000	0.440	400.120	422.699	0.440	3.810	8.659	68.355
7/28/2010 11:57:11	374.538	400.000	0.440	400.180	422.485	0.440	3.810	8.659	68.350
7/28/2010 11:57:12	375.039	400.000	0.439	400.540	422.913	0.400	3.740	9.350	68.329
7/28/2010 11:57:12	375.539	400.000	0.441	400.000	422.363	0.420	3.640	8.667	68.242
7/28/2010 11:57:13	376.039	400.000	0.439	400.480	422.546	0.410	3.790	9.244	68.356
7/28/2010 11:57:13	376.538	400.000	0.442	399.430	422.852	0.410	3.790	9.244	68.246
7/28/2010 11:57:14	377.039	400.000	0.439	400.730	422.913	0.390	3.790	9.718	68.361
7/28/2010 11:57:14	377.539	400.000	0.442	399.470	422.760	0.410	3.640	8.878	68.264
7/28/2010 11:57:15	378.038	400.000	0.439	400.570	422.607	0.410	3.790	9.244	68.357
7/28/2010 11:57:15	378.538	400.000	0.441	399.560	422.729	0.410	3.790	9.244	68.265
7/28/2010 11:57:16	379.038	400.000	0.440	400.270	422.546	0.410	3.810	9.293	68.393
7/28/2010 11:57:16	379.539	400.000	0.441	399.620	422.485	0.410	3.660	8.927	68.256
7/28/2010 11:57:17	380.038	400.000	0.440	400.330	422.424	0.410	3.790	9.244	68.405
7/28/2010 11:57:17	380.539	400.000	0.441	399.720	422.607	0.410	3.790	9.244	68.261
7/28/2010 11:57:18	381.038	400.000	0.439	400.490	422.852	0.430	3.810	8.860	68.398
7/28/2010 11:57:18	381.539	400.000	0.442	399.400	422.974	0.390	3.660	9.385	68.248
7/28/2010 11:57:19	382.038	400.000	0.440	400.250	422.760	0.390	3.660	9.385	68.398
7/28/2010 11:57:19	382.539	400.000	0.442	399.470	422.913	0.390	3.660	9.385	68.289
7/28/2010 11:57:20	383.038	400.000	0.440	400.070	422.760	0.440	3.790	8.614	68.418
7/28/2010 11:57:20	383.539	400.000	0.440	400.250	422.424	0.420	3.740	8.905	68.372
7/28/2010 11:57:21	384.038	400.000	0.441	399.730	422.485	0.400	3.590	8.975	68.264
7/28/2010 11:57:21	384.539	400.000	0.440	400.230	422.119	0.400	3.590	8.975	68.405
7/28/2010 11:57:22	385.038	400.000	0.442	399.540	422.516	0.390	3.590	9.205	68.278
7/28/2010 11:57:22	385.539	400.000	0.441	399.890	422.150	0.410	3.790	9.244	68.386
7/28/2010 11:57:23	386.038	400.000	0.439	400.500	422.180	0.440	3.790	8.614	68.427
7/28/2010 11:57:23	386.539	400.000	0.442	399.520	422.028	0.440	3.790	8.614	68.248
7/28/2010 11:57:24	387.038	400.000	0.440	400.320	422.577	0.440	3.790	8.614	68.407
7/28/2010 11:57:24	387.539	400.000	0.441	399.740	421.906	0.420	3.660	8.714	68.304
7/28/2010 11:57:25	388.038	400.000	0.440	400.280	422.455	0.420	3.790	9.024	68.445
7/28/2010 11:57:25	388.538	400.000	0.442	399.460	422.333	0.400	3.660	9.150	68.284
7/28/2010 11:57:26	389.038	400.000	0.440	400.150	421.906	0.400	3.660	9.150	68.459
7/28/2010 11:57:26	389.539	400.000	0.439	400.490	421.722	0.440	3.740	8.500	68.428
7/28/2010 11:57:27	390.038	400.000	0.440	400.060	422.150	0.400	3.640	9.100	68.302
7/28/2010 11:57:27	390.538	400.000	0.439	400.420	421.906	0.400	3.790	9.475	68.420
7/28/2010 11:57:28	391.039	400.000	0.441	399.820	422.028	0.420	3.660	8.714	68.313
7/28/2010 11:57:28	391.539	400.000	0.439	400.660	422.180	0.420	3.660	8.714	68.445
7/28/2010 11:57:29	392.039	400.000	0.441	399.860	422.302	0.370	3.660	9.892	68.333
7/28/2010 11:57:29	392.538	400.000	0.439	400.340	422.211	0.420	3.790	9.024	68.485
7/28/2010 11:57:30	393.039	400.000	0.441	399.630	422.577	0.420	3.790	9.024	68.364
7/28/2010 11:57:30	393.539	400.000	0.439	400.510	422.668	0.400	3.790	9.475	68.464
7/28/2010 11:57:31	394.038	400.000	0.441	399.660	422.729	0.400	3.680	9.200	68.306
7/28/2010 11:57:31	394.538	400.000	0.439	400.550	422.424	0.430	3.790	8.814	68.451
7/28/2010 11:57:32	395.039	400.000	0.441	399.590	422.150	0.390	3.680	9.436	68.343
7/28/2010 11:57:32	395.539	400.000	0.439	400.510	421.600	0.390	3.680	9.436	68.498
7/28/2010 11:57:33	396.039	400.000	0.441	399.850	421.661	0.390	3.680	9.436	68.344
7/28/2010 11:57:33	396.538	400.000	0.439	400.380	421.906	0.390	3.760	9.641	68.508
7/28/2010 11:57:34	397.039	400.000	0.441	399.690	422.241	0.390	3.760	9.641	68.346
7/28/2010 11:57:34	397.539	400.000	0.439	400.400	422.241	0.420	3.810	9.071	68.489
7/28/2010 11:57:35	398.038	400.000	0.442	399.390	422.668	0.410	3.660	8.927	68.341
7/28/2010 11:57:35	398.538	400.000	0.439	400.240	422.791	0.410	3.660	8.927	68.480
7/28/2010 11:57:36	399.039	400.000	0.441	399.640	422.974	0.410	3.680	8.976	68.352
7/28/2010 11:57:36	399.539	400.000	0.439	400.500	422.852	0.420	3.790	9.024	68.485
7/28/2010 11:57:37	400.038	400.000	0.441	399.790	423.035	0.400	3.680	9.200	68.355
7/28/2010 11:57:37	400.538	400.000	0.438	400.750	422.821	0.400	3.680	9.200	68.510
7/28/2010 11:57:38	401.039	400.000	0.441	399.650	422.791	0.410	3.640	8.878	68.366
7/28/2010 11:57:38	401.539	400.000	0.439	400.640	422.424	0.420	3.760	8.952	68.498
7/28/2010 11:57:39	402.038	400.000	0.441	399.720	422.211	0.390	3.640	9.333	68.369
7/28/2010 11:57:39	402.538	400.000	0.439	400.530	422.333	0.390	3.640	9.333	68.490
7/28/2010 11:57:40	403.039	400.000	0.441	399.760	422.485	0.380	3.660	9.632	68.368
7/28/2010 11:57:40	403.539	400.000	0.439	400.220	422.577	0.410	3.790	9.244	68.528
7/28/2010 11:57:41	404.038	400.000	0.441	399.620	422.882	0.400	3.680	9.200	68.364
7/28/2010 11:57:41	404.538	400.000	0.439	400.520	423.340	0.400	3.680	9.200	68.537
7/28/2010 11:57:42	405.039	400.000	0.441	399.670	422.791	0.400	3.640	9.100	68.369
7/28/2010 11:57:42	405.538	400.000	0.439	400.530	422.668	0.430	3.810	8.860	68.517
7/28/2010 11:57:43	406.038	400.000	0.441	399.420	422.424	0.430	3.810	8.860	68.379
7/28/2010 11:57:43	406.539	400.000	0.439	400.530	422.638	0.400	3.790	9.475	68.551
7/28/2010 11:57:44	407.039	400.000	0.442	399.350	422.394	0.390	3.680	9.436	68.424
7/28/2010 11:57:44	407.538	400.000	0.439	400.420	422.577	0.410	3.790	9.244	68.519
7/28/2010 11:57:45	408.038	400.000	0.442	399.220	422.882	0.420	3.660	8.714	68.413
7/28/2010 11:57:45	408.538	400.000	0.439	400.490	422.577	0.420	3.660	8.714	68.525
7/28/2010 11:57:46	409.039	400.000	0.441	399.470	422.150	0.370	3.680	9.946	68.423
7/28/2010 11:57:46	409.538	400.000	0.439	400.240	422.211	0.420	3.810	9.071	68.533
7/28/2010 11:57:47	410.038	400.000	0.441	399.580	422.424	0.420	3.680	8.762	68.425
7/28/2010 11:57:47	410.538	400.000	0.438	400.830	422.150	0.420	3.680	8.762	68.524
7/28/2010 11:57:48	411.039	400.000	0.441	399.700	422.180	0.410	3.680	8.976	68.452
7/28/2010 11:57:48	411.538	400.000	0.439	400.450	422.150	0.430	3.810	8.860	68.564
7/28/2010 11:57:49	412.038	400.000	0.440	399.920	422.302	0.400	3.660	9.150	68.448
7/28/2010 11:57:49	412.538	400.000	0.439	400.320	422.302	0.400	3.660	9.150	68.544
7/28/2010 11:57:50	413.039	400.000	0.440	399.780	422.607	0.410	3.680	8.976	68.431
7/28/2010 11:57:50	413.538	400.000	0.439	400.280	422.760	0.400	3.760	9.400	68.582
7/28/2010 11:57:51	414.038	400.000	0.441	399.550	422.882	0.400	3.760	9.400	68.414
7/28/2010 11:57:51	414.539	400.000	0.439	400.530	422.882	0.400	3.790	9.475	68.569
7/28/2010 11:57:52	415.039	400.000	0.441	399.710	422.943	0.370	3.680	9.946	68.424
7/28/2010 11:57:52	415.538	400.000	0.439	400.490	421.051	0.410	3.810	9.293	68.524
7/28/2010 11:57:53	416.038	400.000	0.441	399.570	416.931	0.410	3.810	9.293	68.425
7/28/2010 11:57:53	416.539	400.000	0.439	400.140	414.185	0.410	3.830	9.341	68.526
7/28/2010 11:57:54	417.039	400.000	0.442	399.250	409.515	0.410	3.610	8.805	68.460
7/28/2010 11:57:54	417.538	400.000	0.441	399.670	404.022	0.420	3.810	9.071	68.521
7/28/2010 11:57:55	418.038	400.000	0.440	400.090	401.245	0.420	3.810	9.071	68.568
7/28/2010 11:57:55	418.539	400.000	0.442	399.320	401.337	0.370	3.660	9.892	68.429
7/28/2010 11:57:56	419.039	400.000	0.440	400.010	398.315	0.400	3.830	9.575	68.564
7/28/2010 11:57:56	419.538	400.000	0.442	399.290	399.445	0.410	3.680	8.976	68.482
7/28/2010 11:57:57	420.038	400.000	0.441	399.680	400.757	0.410	3.680	8.976	68.574
7/28/2010 11:57:57	420.539	400.000	0.440	400.050	400.299	0.420	3.790	9.024	68.617
7/28/2010 11:57:58	421.039	400.000	0.439	400.530	401.123	0.410	3.790	9.244	68.591
7/28/2010 11:57:58	421.538	400.000	0.442	399.370	403.748	0.390	3.680	9.436	68.510
7/28/2010 11:57:59	422.038	400.000	0.440	400.070	401.886	0.390	3.680	9.436	68.610
