==Experiment Metadata==
Software Version::TPD Controller v1.2
Data Saved::Wed, Jul 28, 2010 13:48:24
Sample::JRS0035
Experimenter Name::CHeidelberger
Experiment Type::TPD
Chamber::Prep
Thermocouple Type::K
Notes::TPD after H-passivation

==Hardware Parameters==
Start Time::Wed, Jul 28, 2010 13:47:09
Data Points::122
Sample Start Temperature (Thermocouple) [C]::49.90200
Current Limit [A]::4.00000
Temperature Limit [C]::900.00000
Voltage Limit [V]::20.00000
PID Calculates::Current

==PID Gain Schedule==
Kc	Ti[minutes]	Td[minutes]	MaxTemperature[C]
0.0020000	0.1000000	0.0010000	0.00

==Temperature Schedule==
Time[s]	TemperatureSetpoint[C]
0.00	400.00
20.00	400.00
60.00	800.00

==Data==
DateStamp	ElapsedTime[s]	TemperatureSetpoint[C]	CurrentSetpoint[A]	ThermocoupleTemperature[C]	PyrometerTemperature[C]	MeasuredCurrent[A]	MeasuredVoltage[V]	MeasuredResistance[ohms]	StageTemperature[C]
7/28/2010 13:47:09	0.000	400.000	0.700	49.935	369.415	0.000	0.050	Inf	50.618
7/28/2010 13:47:09	0.319	400.000	0.738	49.962	342.163	0.000	0.050	Inf	50.589
7/28/2010 13:47:10	0.820	400.000	0.615	127.980	313.599	0.710	5.400	7.606	58.946
7/28/2010 13:47:10	1.319	400.000	0.694	121.690	284.851	0.560	4.620	8.250	54.540
7/28/2010 13:47:11	1.820	400.000	0.654	157.970	252.411	0.670	5.050	7.537	55.389
7/28/2010 13:47:11	2.319	400.000	0.655	178.940	251.984	0.670	5.050	7.537	54.699
7/28/2010 13:47:12	2.820	400.000	0.638	204.040	252.045	0.610	4.880	8.000	54.498
7/28/2010 13:47:12	3.319	400.000	0.630	224.250	251.740	0.620	4.820	7.774	54.400
7/28/2010 13:47:13	3.820	400.000	0.615	245.490	248.566	0.610	4.820	7.902	54.191
7/28/2010 13:47:13	4.319	400.000	0.605	263.090	255.707	0.610	4.820	7.902	54.132
7/28/2010 13:47:14	4.820	400.000	0.592	279.970	262.360	0.570	4.800	8.421	53.919
7/28/2010 13:47:14	5.319	400.000	0.580	295.690	269.165	0.550	4.750	8.636	53.899
7/28/2010 13:47:15	5.820	400.000	0.567	310.270	274.231	0.580	4.730	8.155	53.769
7/28/2010 13:47:15	6.319	400.000	0.561	320.780	285.919	0.580	4.730	8.155	53.540
7/28/2010 13:47:16	6.820	400.000	0.549	332.740	293.793	0.510	4.600	9.020	53.460
7/28/2010 13:47:16	7.320	400.000	0.542	341.770	305.939	0.500	4.470	8.940	53.366
7/28/2010 13:47:17	7.820	400.000	0.532	351.290	316.406	0.500	4.520	9.040	53.304
7/28/2010 13:47:17	8.319	400.000	0.523	359.520	327.759	0.500	4.520	9.040	53.181
7/28/2010 13:47:18	8.820	400.000	0.517	365.840	336.304	0.510	4.340	8.510	53.042
7/28/2010 13:47:18	9.320	400.000	0.511	371.850	346.527	0.510	4.340	8.510	52.950
7/28/2010 13:47:19	9.820	400.000	0.504	377.340	355.255	0.480	4.260	8.875	52.950
7/28/2010 13:47:19	10.319	400.000	0.499	381.820	361.450	0.460	4.190	9.109	52.861
7/28/2010 13:47:20	10.819	400.000	0.494	385.540	367.920	0.460	4.190	9.109	52.732
7/28/2010 13:47:20	11.320	400.000	0.489	389.140	373.535	0.490	4.170	8.510	52.722
7/28/2010 13:47:21	11.820	400.000	0.487	391.340	378.571	0.440	4.090	9.295	52.615
7/28/2010 13:47:21	12.319	400.000	0.482	394.090	381.317	0.470	4.090	8.702	52.642
7/28/2010 13:47:22	12.819	400.000	0.479	396.040	381.989	0.470	4.090	8.702	52.636
7/28/2010 13:47:22	13.320	400.000	0.475	398.240	383.636	0.440	4.040	9.182	52.588
7/28/2010 13:47:23	13.820	400.000	0.472	399.940	386.414	0.430	4.040	9.395	52.586
7/28/2010 13:47:23	14.319	400.000	0.469	401.560	388.641	0.430	4.040	9.395	52.550
7/28/2010 13:47:24	14.820	400.000	0.468	402.120	390.533	0.450	3.960	8.800	52.490
7/28/2010 13:47:24	15.319	400.000	0.466	402.750	391.846	0.440	3.980	9.045	52.496
7/28/2010 13:47:25	15.820	400.000	0.463	403.990	393.921	0.430	3.980	9.256	52.482
7/28/2010 13:47:25	16.319	400.000	0.460	405.050	394.073	0.450	4.000	8.889	52.509
7/28/2010 13:47:26	16.819	400.000	0.459	405.440	394.653	0.450	4.000	8.889	52.483
7/28/2010 13:47:26	17.320	400.000	0.457	405.910	393.280	0.440	3.910	8.886	52.457
7/28/2010 13:47:27	17.820	400.000	0.455	406.130	395.142	0.400	3.940	9.850	52.438
7/28/2010 13:47:27	18.319	400.000	0.452	407.020	396.881	0.430	4.020	9.349	52.466
7/28/2010 13:47:28	18.819	400.000	0.451	407.270	399.078	0.430	4.020	9.349	52.475
7/28/2010 13:47:28	19.320	400.000	0.447	408.210	399.689	0.440	4.020	9.136	52.508
7/28/2010 13:47:29	19.820	400.000	0.445	408.780	401.703	0.430	3.980	9.256	52.425
7/28/2010 13:47:29	20.319	403.190	0.452	408.120	401.093	0.390	3.980	10.205	52.443
7/28/2010 13:47:30	20.819	408.190	0.459	408.870	401.062	0.390	3.980	10.205	52.497
7/28/2010 13:47:30	21.320	413.200	0.469	409.390	399.811	0.430	4.020	9.349	52.500
7/28/2010 13:47:31	21.820	418.200	0.477	410.730	398.621	0.420	4.070	9.690	52.526
7/28/2010 13:47:31	22.319	423.190	0.486	411.860	397.705	0.430	4.110	9.558	52.606
7/28/2010 13:47:32	22.819	428.190	0.495	413.510	398.712	0.430	4.110	9.558	52.673
7/28/2010 13:47:32	23.320	433.200	0.503	415.830	398.254	0.480	4.220	8.792	52.773
7/28/2010 13:47:33	23.819	438.190	0.510	418.480	399.628	0.470	4.240	9.021	52.859
7/28/2010 13:47:33	24.319	443.190	0.518	421.600	401.825	0.470	4.280	9.106	52.893
7/28/2010 13:47:34	24.819	448.190	0.526	424.360	403.931	0.470	4.280	9.106	52.924
7/28/2010 13:47:34	25.320	453.200	0.535	427.100	407.166	0.500	4.280	8.560	52.980
7/28/2010 13:47:35	25.819	458.190	0.541	430.940	410.858	0.500	4.340	8.680	53.111
7/28/2010 13:47:35	26.319	463.190	0.547	435.180	414.612	0.490	4.410	9.000	53.113
7/28/2010 13:47:36	26.819	468.190	0.556	438.360	418.030	0.490	4.410	9.000	53.155
7/28/2010 13:47:36	27.320	473.200	0.564	441.590	422.150	0.530	4.370	8.245	53.136
7/28/2010 13:47:37	27.819	478.190	0.572	445.230	425.079	0.530	4.430	8.358	53.244
7/28/2010 13:47:37	28.319	483.190	0.578	449.940	428.009	0.530	4.430	8.358	53.388
7/28/2010 13:47:38	28.820	488.200	0.586	454.050	430.786	0.550	4.540	8.255	53.422
7/28/2010 13:47:38	29.320	493.200	0.592	458.910	434.753	0.580	4.540	7.828	53.523
7/28/2010 13:47:39	29.819	498.190	0.599	463.260	438.324	0.570	4.560	8.000	53.595
7/28/2010 13:47:39	30.319	503.190	0.606	467.610	442.230	0.570	4.560	8.000	53.558
7/28/2010 13:47:40	30.820	508.200	0.612	472.690	446.198	0.590	4.340	7.356	53.651
7/28/2010 13:47:40	31.320	513.200	0.627	473.450	450.958	0.590	4.390	7.441	53.379
7/28/2010 13:47:41	31.819	518.190	0.628	480.640	454.102	0.560	4.730	8.446	53.687
7/28/2010 13:47:41	32.319	523.190	0.636	485.060	457.062	0.560	4.730	8.446	53.982
7/28/2010 13:47:42	32.820	528.200	0.641	490.450	460.968	0.600	4.750	7.917	54.088
7/28/2010 13:47:42	33.320	533.200	0.647	495.840	465.149	0.650	4.770	7.338	54.161
7/28/2010 13:47:43	33.819	538.190	0.658	498.720	469.055	0.620	4.560	7.355	54.262
7/28/2010 13:47:43	34.319	543.190	0.669	501.730	473.053	0.620	4.560	7.355	53.905
7/28/2010 13:47:44	34.820	548.200	0.676	506.460	477.966	0.600	4.640	7.733	54.107
7/28/2010 13:47:44	35.320	553.200	0.683	511.210	481.445	0.660	4.690	7.106	54.217
7/28/2010 13:47:45	35.819	558.190	0.694	514.670	483.673	0.660	4.690	7.106	54.388
7/28/2010 13:47:45	36.320	563.200	0.701	519.770	487.518	0.650	4.800	7.385	54.434
7/28/2010 13:47:46	36.819	568.190	0.706	525.520	491.852	0.690	4.990	7.232	54.742
7/28/2010 13:47:46	37.320	573.200	0.705	533.900	495.850	0.660	4.990	7.561	55.173
7/28/2010 13:47:47	37.819	578.190	0.715	537.790	500.702	0.700	4.970	7.100	55.195
7/28/2010 13:47:47	38.319	583.190	0.718	544.610	506.317	0.700	4.970	7.100	55.241
7/28/2010 13:47:48	38.820	588.200	0.727	548.460	510.559	0.660	4.990	7.561	55.343
7/28/2010 13:47:48	39.320	593.200	0.731	554.670	514.282	0.680	5.010	7.368	55.399
7/28/2010 13:47:49	39.819	598.190	0.740	558.620	519.531	0.710	5.030	7.085	55.439
7/28/2010 13:47:49	40.319	603.190	0.749	562.410	523.773	0.710	5.030	7.085	55.527
7/28/2010 13:47:50	40.820	608.200	0.756	567.020	528.656	0.690	5.050	7.319	55.651
7/28/2010 13:47:50	41.320	613.200	0.761	572.940	533.081	0.710	5.100	7.183	55.893
7/28/2010 13:47:51	41.819	618.190	0.769	577.610	537.689	0.740	4.990	6.743	56.178
7/28/2010 13:47:51	42.319	623.190	0.777	581.860	541.016	0.740	4.990	6.743	55.625
7/28/2010 13:47:52	42.820	628.200	0.786	586.050	545.197	0.730	5.100	6.986	56.084
7/28/2010 13:47:52	43.320	633.200	0.795	590.210	549.103	0.730	5.120	7.014	56.017
7/28/2010 13:47:53	43.819	638.190	0.797	596.920	553.284	0.730	5.120	7.014	56.662
7/28/2010 13:47:53	44.320	643.200	0.818	596.290	557.434	0.750	4.950	6.600	56.558
7/28/2010 13:47:54	44.819	648.190	0.824	601.310	561.890	0.770	5.050	6.558	56.142
7/28/2010 13:47:54	45.320	653.200	0.835	605.080	565.277	0.790	5.030	6.367	56.353
7/28/2010 13:47:55	45.819	658.190	0.844	609.410	568.604	0.790	5.030	6.367	56.372
7/28/2010 13:47:55	46.320	663.200	0.852	614.510	572.113	0.790	5.100	6.456	56.848
7/28/2010 13:47:56	46.819	668.190	0.862	618.690	575.989	0.810	5.100	6.296	56.898
7/28/2010 13:47:56	47.319	673.190	0.870	623.640	579.041	0.820	5.100	6.220	57.003
7/28/2010 13:47:57	47.819	678.190	0.881	627.520	582.550	0.820	5.100	6.220	57.169
7/28/2010 13:47:57	48.320	683.200	0.887	633.470	586.182	0.860	5.140	5.977	57.514
7/28/2010 13:47:58	48.819	688.190	0.900	636.680	589.478	0.840	5.120	6.095	57.359
7/28/2010 13:47:58	49.319	693.190	0.911	640.280	592.834	0.840	5.120	6.095	57.437
7/28/2010 13:47:59	49.820	698.200	0.916	646.710	596.802	0.890	5.160	5.798	57.828
7/28/2010 13:47:59	50.319	703.190	0.932	648.750	600.586	0.870	5.140	5.908	57.662
7/28/2010 13:48:00	50.819	708.190	0.934	656.580	604.126	0.900	5.180	5.756	58.233
7/28/2010 13:48:00	51.319	713.190	0.951	658.050	607.513	0.900	5.180	5.756	57.953
7/28/2010 13:48:01	51.820	718.200	0.957	664.260	610.809	0.920	5.140	5.587	58.359
7/28/2010 13:48:01	52.319	723.190	0.975	665.580	613.464	0.920	5.160	5.609	58.217
7/28/2010 13:48:02	52.820	728.200	0.975	674.290	616.211	0.940	5.200	5.532	58.879
7/28/2010 13:48:02	53.319	733.190	0.994	675.100	619.598	0.940	5.160	5.489	58.689
7/28/2010 13:48:03	53.819	738.190	0.997	682.610	623.169	0.940	5.160	5.489	58.881
7/28/2010 13:48:03	54.320	743.200	1.019	682.630	626.465	0.970	5.140	5.299	58.673
7/28/2010 13:48:04	54.820	748.200	1.018	691.950	629.944	0.990	5.200	5.253	59.293
7/28/2010 13:48:04	55.319	753.190	1.041	691.440	633.514	0.980	5.140	5.245	58.964
7/28/2010 13:48:05	55.819	758.190	1.042	699.610	636.169	0.980	5.140	5.245	59.711
7/28/2010 13:48:05	56.320	763.200	1.063	700.420	638.641	1.000	5.160	5.160	59.232
7/28/2010 13:48:06	56.820	768.200	1.063	709.290	641.785	1.030	5.180	5.029	59.951
7/28/2010 13:48:06	57.319	773.190	1.090	707.240	644.867	1.020	5.160	5.059	59.595
7/28/2010 13:48:07	57.819	778.190	1.084	718.950	647.583	1.020	5.160	5.059	60.299
7/28/2010 13:48:07	58.320	783.200	1.117	714.510	650.665	1.040	5.120	4.923	59.712
7/28/2010 13:48:08	58.820	788.200	1.108	727.720	653.778	1.090	5.200	4.771	60.722
7/28/2010 13:48:08	59.319	793.190	1.142	723.230	656.372	1.060	5.140	4.849	60.049
7/28/2010 13:48:09	59.819	798.190	1.121	741.030	658.905	1.060	5.140	4.849	61.365
7/28/2010 13:48:09	60.320	800.000	1.171	727.070	662.109	1.090	5.100	4.679	60.048
