==Experiment Metadata==
Software Version::TPD Controller v1.1
Data Saved::Tue, Jul 27, 2010 17:38:22
Sample::JRS0035
Experimenter Name::CHeidelberger
Experiment Type::Temp Control Test
Chamber::Prep
Thermocouple Type::K
Notes::Testing pid parameters

==Hardware Parameters==
Start Time::Tue, Jul 27, 2010 17:36:58
Data Points::121
Sample Start Temperature (Thermocouple) [C]::113.96000
Current Limit [A]::4.00000
Temperature Limit [C]::900.00000
Voltage Limit [V]::20.00000
PID Calculates::Current

==PID Gain Schedule==
Kc	Ti[minutes]	Td[minutes]	MaxTemperature[C]
0.0010000	0.1000000	0.0010000	0.00

==Temperature Schedule==
Time[s]	TemperatureSetpoint[C]
0.00	500.00
60.00	500.00

==Data==
DateStamp	ElapsedTime[s]	TemperatureSetpoint[C]	CurrentSetpoint[A]	ThermocoupleTemperature[C]	PyrometerTemperature[C]	MeasuredCurrent[A]	MeasuredVoltage[V]	MeasuredResistance[ohms]
7/27/2010 17:36:58	0.000	500.000	0.386	113.960	237.000	0.000	0.050	Inf
7/27/2010 17:36:58	0.501	500.000	0.396	133.100	227.783	0.360	5.650	15.694
7/27/2010 17:36:59	1.002	500.000	0.409	150.680	247.986	0.360	5.550	15.417
7/27/2010 17:36:59	1.501	500.000	0.430	158.950	259.125	0.360	5.380	14.944
7/27/2010 17:37:00	2.002	500.000	0.441	175.380	251.434	0.410	5.440	13.268
7/27/2010 17:37:00	2.501	500.000	0.450	192.070	249.756	0.410	5.440	13.268
7/27/2010 17:37:01	3.001	500.000	0.463	205.080	254.547	0.440	5.460	12.409
7/27/2010 17:37:01	3.501	500.000	0.474	218.040	244.720	0.420	5.420	12.905
7/27/2010 17:37:02	4.002	500.000	0.484	231.210	246.643	0.440	5.440	12.364
7/27/2010 17:37:02	4.501	500.000	0.492	244.550	250.031	0.440	5.440	12.364
7/27/2010 17:37:03	5.001	500.000	0.498	259.060	256.470	0.460	5.460	11.870
7/27/2010 17:37:03	5.501	500.000	0.507	270.080	263.336	0.480	5.440	11.333
7/27/2010 17:37:04	6.002	500.000	0.514	281.370	274.353	0.470	5.400	11.489
7/27/2010 17:37:04	6.501	500.000	0.518	295.200	290.009	0.470	5.400	11.489
7/27/2010 17:37:05	7.001	500.000	0.524	305.790	303.772	0.500	5.440	10.880
7/27/2010 17:37:05	7.501	500.000	0.528	317.450	317.261	0.500	5.500	11.000
7/27/2010 17:37:06	8.002	500.000	0.535	326.060	330.322	0.470	5.480	11.660
7/27/2010 17:37:06	8.501	500.000	0.530	343.500	348.663	0.470	5.480	11.660
7/27/2010 17:37:07	9.001	500.000	0.536	351.420	358.429	0.510	5.590	10.961
7/27/2010 17:37:07	9.501	500.000	0.540	359.490	374.939	0.490	5.590	11.408
7/27/2010 17:37:08	10.002	500.000	0.545	366.420	388.977	0.500	5.570	11.140
7/27/2010 17:37:08	10.501	500.000	0.543	378.530	397.583	0.500	5.570	11.140
7/27/2010 17:37:09	11.001	500.000	0.546	385.460	408.569	0.510	5.610	11.000
7/27/2010 17:37:09	11.501	500.000	0.548	392.580	420.929	0.500	5.610	11.220
7/27/2010 17:37:10	12.002	500.000	0.552	397.870	432.434	0.520	5.590	10.750
7/27/2010 17:37:10	12.501	500.000	0.549	407.800	440.857	0.520	5.590	10.750
7/27/2010 17:37:11	13.001	500.000	0.556	409.380	451.019	0.540	5.590	10.352
7/27/2010 17:37:11	13.502	500.000	0.555	417.270	453.918	0.510	5.630	11.039
7/27/2010 17:37:12	14.002	500.000	0.557	422.740	458.649	0.490	5.650	11.531
7/27/2010 17:37:12	14.501	500.000	0.558	427.570	461.548	0.490	5.650	11.531
7/27/2010 17:37:13	15.001	500.000	0.559	432.110	466.309	0.490	5.650	11.531
7/27/2010 17:37:13	15.502	500.000	0.560	436.990	474.579	0.550	5.650	10.273
7/27/2010 17:37:14	16.002	500.000	0.562	440.380	480.652	0.510	5.680	11.137
7/27/2010 17:37:14	16.501	500.000	0.556	449.710	486.176	0.510	5.680	11.137
7/27/2010 17:37:15	17.001	500.000	0.564	447.920	489.197	0.530	5.680	10.717
7/27/2010 17:37:15	17.502	500.000	0.558	456.270	491.211	0.530	5.760	10.868
7/27/2010 17:37:16	18.002	500.000	0.564	454.830	492.676	0.510	5.700	11.176
7/27/2010 17:37:16	18.501	500.000	0.559	462.780	496.368	0.510	5.700	11.176
7/27/2010 17:37:17	19.001	500.000	0.566	460.290	500.458	0.500	5.720	11.440
7/27/2010 17:37:17	19.502	500.000	0.559	468.450	505.066	0.520	5.780	11.115
7/27/2010 17:37:18	20.002	500.000	0.566	465.960	508.911	0.510	5.740	11.255
7/27/2010 17:37:18	20.501	500.000	0.560	473.330	511.658	0.510	5.740	11.255
7/27/2010 17:37:19	21.001	500.000	0.565	471.260	512.878	0.540	5.760	10.667
7/27/2010 17:37:19	21.502	500.000	0.554	482.770	515.533	0.510	5.830	11.431
7/27/2010 17:37:20	22.001	500.000	0.563	477.900	517.883	0.510	5.830	11.431
7/27/2010 17:37:20	22.502	500.000	0.553	487.320	520.203	0.490	5.870	11.980
7/27/2010 17:37:21	23.001	500.000	0.558	484.360	521.973	0.530	5.850	11.038
7/27/2010 17:37:21	23.502	500.000	0.558	485.590	525.421	0.520	5.850	11.250
7/27/2010 17:37:22	24.001	500.000	0.555	489.630	525.696	0.520	5.850	11.250
7/27/2010 17:37:22	24.501	500.000	0.556	490.000	526.031	0.540	5.870	10.870
7/27/2010 17:37:23	25.001	500.000	0.553	493.010	526.581	0.510	5.890	11.549
7/27/2010 17:37:23	25.502	500.000	0.543	502.510	526.489	0.540	5.890	10.907
7/27/2010 17:37:24	26.001	500.000	0.556	492.360	526.184	0.540	5.890	10.907
7/27/2010 17:37:24	26.502	500.000	0.542	503.370	527.039	0.560	5.930	10.589
7/27/2010 17:37:25	27.001	500.000	0.548	499.640	527.649	0.530	5.890	11.113
7/27/2010 17:37:25	27.502	500.000	0.544	502.000	528.229	0.510	5.910	11.588
7/27/2010 17:37:26	28.001	500.000	0.541	505.310	529.938	0.510	5.910	11.588
7/27/2010 17:37:26	28.502	500.000	0.537	508.530	530.792	0.530	5.960	11.245
7/27/2010 17:37:27	29.001	500.000	0.548	498.680	530.823	0.470	5.910	12.574
7/27/2010 17:37:27	29.502	500.000	0.535	509.180	531.342	0.480	5.980	12.458
7/27/2010 17:37:28	30.001	500.000	0.538	506.930	531.433	0.480	5.980	12.458
7/27/2010 17:37:28	30.502	500.000	0.536	508.100	531.097	0.510	5.960	11.686
7/27/2010 17:37:29	31.002	500.000	0.536	507.430	531.281	0.550	5.980	10.873
7/27/2010 17:37:29	31.502	500.000	0.533	509.550	531.372	0.510	6.000	11.765
7/27/2010 17:37:30	32.001	500.000	0.531	510.570	531.189	0.510	6.000	11.765
7/27/2010 17:37:30	32.502	500.000	0.529	511.490	531.403	0.540	6.040	11.185
7/27/2010 17:37:31	33.002	500.000	0.538	502.770	532.166	0.500	5.960	11.920
7/27/2010 17:37:31	33.502	500.000	0.525	513.470	532.135	0.530	6.060	11.434
7/27/2010 17:37:32	34.001	500.000	0.534	505.270	532.227	0.530	6.060	11.434
7/27/2010 17:37:32	34.502	500.000	0.521	515.510	531.982	0.450	6.130	13.622
7/27/2010 17:37:33	35.002	500.000	0.529	508.670	532.104	0.490	6.040	12.327
7/27/2010 17:37:33	35.502	500.000	0.527	509.490	531.464	0.490	6.040	12.327
7/27/2010 17:37:34	36.002	500.000	0.524	511.390	531.494	0.450	6.060	13.467
7/27/2010 17:37:34	36.501	500.000	0.525	509.760	531.586	0.530	6.080	11.472
7/27/2010 17:37:35	37.002	500.000	0.522	511.710	531.586	0.490	6.130	12.510
7/27/2010 17:37:35	37.502	500.000	0.519	513.470	531.158	0.490	6.130	12.510
7/27/2010 17:37:36	38.002	500.000	0.521	511.130	530.853	0.470	6.110	13.000
7/27/2010 17:37:36	38.501	500.000	0.515	514.560	531.036	0.500	6.150	12.300
7/27/2010 17:37:37	39.002	500.000	0.517	512.470	530.273	0.460	6.130	13.326
7/27/2010 17:37:37	39.501	500.000	0.512	515.900	530.853	0.460	6.130	13.326
7/27/2010 17:37:38	40.001	500.000	0.513	514.060	530.243	0.490	6.170	12.592
7/27/2010 17:37:38	40.501	500.000	0.510	515.590	530.243	0.510	6.170	12.098
7/27/2010 17:37:39	41.002	500.000	0.513	512.000	529.602	0.420	6.170	14.690
7/27/2010 17:37:39	41.501	500.000	0.507	515.940	529.175	0.420	6.170	14.690
7/27/2010 17:37:40	42.002	500.000	0.507	515.200	527.954	0.490	6.210	12.673
7/27/2010 17:37:40	42.501	500.000	0.504	516.180	527.924	0.470	6.210	13.213
7/27/2010 17:37:41	43.002	500.000	0.503	516.000	526.672	0.510	6.230	12.216
7/27/2010 17:37:41	43.501	500.000	0.500	517.880	526.489	0.510	6.230	12.216
7/27/2010 17:37:42	44.002	500.000	0.502	514.740	526.764	0.460	6.210	13.500
7/27/2010 17:37:42	44.501	500.000	0.495	519.920	526.672	0.420	6.280	14.952
7/27/2010 17:37:43	45.002	500.000	0.496	517.310	526.581	0.420	6.280	14.952
7/27/2010 17:37:43	45.501	500.000	0.495	516.750	525.848	0.500	6.280	12.560
7/27/2010 17:37:44	46.002	500.000	0.492	518.260	525.513	0.420	6.280	14.952
7/27/2010 17:37:44	46.501	500.000	0.489	519.510	525.360	0.430	6.260	14.558
7/27/2010 17:37:45	47.002	500.000	0.498	510.460	525.269	0.450	6.210	13.800
7/27/2010 17:37:45	47.501	500.000	0.489	517.240	525.146	0.450	6.210	13.800
7/27/2010 17:37:46	48.002	500.000	0.494	512.140	526.367	0.430	6.260	14.558
7/27/2010 17:37:46	48.501	500.000	0.480	522.800	525.543	0.520	6.340	12.192
7/27/2010 17:37:47	49.002	500.000	0.495	509.590	524.597	0.480	6.230	12.979
7/27/2010 17:37:47	49.501	500.000	0.477	523.120	523.895	0.480	6.230	12.979
7/27/2010 17:37:48	50.002	500.000	0.493	508.750	523.590	0.440	6.230	14.159
7/27/2010 17:37:48	50.501	500.000	0.472	524.600	522.400	0.420	6.320	15.048
7/27/2010 17:37:49	51.002	500.000	0.490	509.330	522.125	0.420	6.320	15.048
7/27/2010 17:37:49	51.501	500.000	0.479	516.310	521.759	0.490	6.040	12.327
7/27/2010 17:37:50	52.002	500.000	0.519	481.050	520.691	0.480	5.910	12.312
7/27/2010 17:37:50	52.501	500.000	0.454	535.070	520.111	0.480	5.910	12.312
7/27/2010 17:37:51	53.001	500.000	0.508	491.180	519.714	0.380	6.020	15.842
7/27/2010 17:37:51	53.502	500.000	0.455	533.260	519.104	0.480	6.360	13.250
7/27/2010 17:37:52	54.001	500.000	0.496	500.260	517.303	0.370	6.170	16.676
7/27/2010 17:37:52	54.501	500.000	0.460	527.820	516.968	0.370	6.170	16.676
7/27/2010 17:37:53	55.001	500.000	0.491	501.450	517.120	0.480	6.190	12.896
7/27/2010 17:37:53	55.502	500.000	0.457	527.920	517.395	0.440	6.410	14.568
7/27/2010 17:37:54	56.001	500.000	0.488	501.860	519.684	0.330	6.170	18.697
7/27/2010 17:37:54	56.502	500.000	0.466	518.070	520.020	0.470	6.340	13.489
7/27/2010 17:37:55	57.002	500.000	0.478	508.290	519.989	0.470	6.340	13.489
7/27/2010 17:37:55	57.502	500.000	0.472	512.220	518.219	0.450	6.320	14.044
7/27/2010 17:37:56	58.001	500.000	0.485	500.340	504.181	0.480	6.260	13.042
7/27/2010 17:37:56	58.502	500.000	0.463	517.970	501.404	0.460	6.340	13.783
7/27/2010 17:37:57	59.001	500.000	0.475	508.110	491.638	0.460	6.340	13.783
7/27/2010 17:37:57	59.501	500.000	0.469	511.410	490.845	0.500	6.260	12.520
7/27/2010 17:37:58	60.001	500.000	0.473	507.790	485.809	0.400	6.300	15.750
