==Experiment Metadata==
Software Version::TPD Controller v1.1
Data Saved::Tue, Jul 27, 2010 17:46:12
Sample::JRS0035
Experimenter Name::CHeidelberger
Experiment Type::Temp Control Test
Chamber::Prep
Thermocouple Type::K
Notes::Testing pid parameters

==Hardware Parameters==
Start Time::Tue, Jul 27, 2010 17:42:14
Data Points::391
Sample Start Temperature (Thermocouple) [C]::118.80000
Current Limit [A]::4.00000
Temperature Limit [C]::900.00000
Voltage Limit [V]::20.00000
PID Calculates::Current

==PID Gain Schedule==
Kc	Ti[minutes]	Td[minutes]	MaxTemperature[C]
0.0010000	0.1000000	0.0010000	0.00

==Temperature Schedule==
Time[s]	TemperatureSetpoint[C]
0.00	400.00
20.00	400.00
195.00	750.00

==Data==
DateStamp	ElapsedTime[s]	TemperatureSetpoint[C]	CurrentSetpoint[A]	ThermocoupleTemperature[C]	PyrometerTemperature[C]	MeasuredCurrent[A]	MeasuredVoltage[V]	MeasuredResistance[ohms]
7/27/2010 17:42:14	0.000	400.000	0.281	118.800	417.389	0.000	0.050	Inf
7/27/2010 17:42:14	0.766	400.000	0.287	145.030	375.671	0.380	5.460	14.368
7/27/2010 17:42:15	1.265	400.000	0.294	158.750	330.841	0.380	5.460	14.368
7/27/2010 17:42:15	1.765	400.000	0.304	169.500	276.550	0.360	5.350	14.861
7/27/2010 17:42:16	2.265	400.000	0.311	181.230	231.506	0.380	5.290	13.921
7/27/2010 17:42:16	2.766	400.000	0.317	192.400	232.361	0.380	5.290	13.921
7/27/2010 17:42:17	3.266	400.000	0.323	203.920	230.133	0.390	5.220	13.385
7/27/2010 17:42:17	3.765	400.000	0.329	213.670	238.220	0.390	5.220	13.385
7/27/2010 17:42:18	4.265	400.000	0.335	222.780	256.897	0.390	5.120	13.128
7/27/2010 17:42:18	4.766	400.000	0.340	231.920	264.008	0.360	5.010	13.917
7/27/2010 17:42:19	5.266	400.000	0.346	240.250	268.555	0.360	4.990	13.861
7/27/2010 17:42:19	5.765	400.000	0.350	248.530	284.546	0.360	4.990	13.861
7/27/2010 17:42:20	6.265	400.000	0.355	256.170	291.504	0.390	4.860	12.462
7/27/2010 17:42:20	6.766	400.000	0.360	263.130	299.774	0.360	4.820	13.389
7/27/2010 17:42:21	7.266	400.000	0.364	270.100	309.357	0.380	4.750	12.500
7/27/2010 17:42:21	7.765	400.000	0.369	275.950	326.019	0.380	4.750	12.500
7/27/2010 17:42:22	8.265	400.000	0.373	281.580	328.674	0.410	4.750	11.585
7/27/2010 17:42:22	8.766	400.000	0.378	287.140	327.179	0.390	4.730	12.128
7/27/2010 17:42:23	9.266	400.000	0.381	292.450	335.907	0.370	4.750	12.838
7/27/2010 17:42:23	9.765	400.000	0.385	297.440	341.736	0.370	4.750	12.838
7/27/2010 17:42:24	10.265	400.000	0.389	301.820	338.959	0.380	4.730	12.447
7/27/2010 17:42:24	10.766	400.000	0.394	305.370	332.916	0.350	4.710	13.457
7/27/2010 17:42:25	11.265	400.000	0.397	309.460	344.696	0.350	4.710	13.457
7/27/2010 17:42:25	11.765	400.000	0.402	312.800	344.147	0.390	4.640	11.897
7/27/2010 17:42:26	12.265	400.000	0.405	316.120	349.854	0.380	4.620	12.158
7/27/2010 17:42:26	12.766	400.000	0.410	318.800	362.518	0.360	4.560	12.667
7/27/2010 17:42:27	13.265	400.000	0.414	321.150	377.472	0.360	4.560	12.667
7/27/2010 17:42:27	13.765	400.000	0.417	324.070	376.984	0.360	4.620	12.833
7/27/2010 17:42:28	14.265	400.000	0.421	326.580	379.211	0.370	4.580	12.378
7/27/2010 17:42:28	14.766	400.000	0.424	329.720	382.568	0.400	4.640	11.600
7/27/2010 17:42:29	15.265	400.000	0.427	332.260	379.547	0.400	4.640	11.600
7/27/2010 17:42:29	15.766	400.000	0.431	334.110	382.050	0.390	4.600	11.795
7/27/2010 17:42:30	16.266	400.000	0.433	337.340	386.169	0.390	4.710	12.077
7/27/2010 17:42:30	16.766	400.000	0.436	339.490	389.587	0.380	4.710	12.395
7/27/2010 17:42:31	17.265	400.000	0.439	341.450	393.036	0.380	4.710	12.395
7/27/2010 17:42:31	17.766	400.000	0.442	343.820	395.264	0.380	4.640	12.211
7/27/2010 17:42:32	18.266	400.000	0.443	347.070	395.233	0.430	4.820	11.209
7/27/2010 17:42:32	18.766	400.000	0.445	349.370	397.827	0.430	4.820	11.209
7/27/2010 17:42:33	19.266	400.000	0.446	352.560	398.529	0.430	4.820	11.209
7/27/2010 17:42:33	19.765	400.000	0.448	354.340	401.489	0.410	4.840	11.805
7/27/2010 17:42:34	20.266	400.532	0.450	356.700	403.534	0.420	4.860	11.571
7/27/2010 17:42:34	20.766	401.532	0.452	358.830	405.975	0.420	4.860	11.571
7/27/2010 17:42:35	21.266	402.532	0.454	361.810	408.905	0.440	4.950	11.250
7/27/2010 17:42:35	21.765	403.530	0.456	363.970	413.147	0.410	4.920	12.000
7/27/2010 17:42:36	22.266	404.532	0.458	365.970	415.619	0.430	4.950	11.512
7/27/2010 17:42:36	22.766	405.532	0.460	368.280	416.840	0.430	4.950	11.512
7/27/2010 17:42:37	23.266	406.532	0.461	371.180	419.983	0.410	5.010	12.220
7/27/2010 17:42:37	23.765	407.530	0.464	372.090	420.990	0.460	5.010	10.891
7/27/2010 17:42:38	24.266	408.532	0.466	373.820	422.119	0.420	4.990	11.881
7/27/2010 17:42:38	24.765	409.530	0.468	376.290	422.516	0.420	4.990	11.881
7/27/2010 17:42:39	25.265	410.530	0.470	377.920	425.903	0.430	4.990	11.605
7/27/2010 17:42:39	25.765	411.530	0.473	378.710	429.687	0.430	4.970	11.558
7/27/2010 17:42:40	26.266	412.532	0.474	381.340	435.852	0.450	5.030	11.178
7/27/2010 17:42:40	26.765	413.530	0.476	382.950	438.416	0.450	5.030	11.178
7/27/2010 17:42:41	27.266	414.532	0.478	384.610	442.291	0.420	5.010	11.929
7/27/2010 17:42:41	27.765	415.530	0.481	385.190	444.000	0.460	5.050	10.978
7/27/2010 17:42:42	28.266	416.532	0.481	387.940	447.876	0.440	5.100	11.591
7/27/2010 17:42:42	28.765	417.530	0.483	389.510	449.402	0.440	5.100	11.591
7/27/2010 17:42:43	29.266	418.532	0.485	390.890	454.620	0.450	5.100	11.333
7/27/2010 17:42:43	29.765	419.530	0.487	392.740	455.750	0.460	5.160	11.217
7/27/2010 17:42:44	30.266	420.532	0.489	393.320	456.879	0.440	5.120	11.636
7/27/2010 17:42:44	30.765	421.530	0.490	395.300	456.909	0.440	5.120	11.636
7/27/2010 17:42:45	31.266	422.532	0.490	398.820	454.376	0.440	5.220	11.864
7/27/2010 17:42:45	31.765	423.530	0.494	398.390	453.522	0.450	5.120	11.378
7/27/2010 17:42:46	32.266	424.532	0.493	402.110	452.972	0.470	5.250	11.170
7/27/2010 17:42:46	32.765	425.530	0.494	403.940	455.322	0.470	5.250	11.170
7/27/2010 17:42:47	33.266	426.532	0.496	404.490	454.834	0.470	5.250	11.170
7/27/2010 17:42:47	33.765	427.530	0.498	405.700	458.710	0.460	5.200	11.304
7/27/2010 17:42:48	34.266	428.532	0.499	407.140	460.937	0.460	5.250	11.413
7/27/2010 17:42:48	34.765	429.530	0.500	408.980	462.311	0.460	5.250	11.413
7/27/2010 17:42:49	35.266	430.532	0.501	410.540	463.684	0.480	5.250	10.937
7/27/2010 17:42:49	35.765	431.530	0.500	414.240	466.034	0.490	5.330	10.878
7/27/2010 17:42:50	36.266	432.532	0.504	412.990	467.712	0.470	5.270	11.213
7/27/2010 17:42:50	36.765	433.530	0.504	414.960	468.140	0.470	5.270	11.213
7/27/2010 17:42:51	37.266	434.532	0.504	417.670	470.917	0.480	5.350	11.146
7/27/2010 17:42:51	37.765	435.530	0.505	418.900	472.504	0.470	5.350	11.383
7/27/2010 17:42:52	38.266	436.532	0.506	420.470	473.938	0.480	5.400	11.250
7/27/2010 17:42:52	38.765	437.530	0.507	422.130	475.250	0.480	5.400	11.250
7/27/2010 17:42:53	39.265	438.530	0.508	423.520	477.264	0.490	5.420	11.061
7/27/2010 17:42:53	39.765	439.530	0.509	424.110	479.309	0.470	5.400	11.489
7/27/2010 17:42:54	40.266	440.532	0.511	424.800	480.896	0.470	5.400	11.489
7/27/2010 17:42:54	40.766	441.532	0.509	428.370	482.574	0.470	5.500	11.702
7/27/2010 17:42:55	41.265	442.530	0.512	428.100	484.161	0.470	5.440	11.574
7/27/2010 17:42:55	41.765	443.530	0.512	430.380	484.741	0.490	5.530	11.286
7/27/2010 17:42:56	42.266	444.532	0.510	433.670	484.863	0.470	5.530	11.766
7/27/2010 17:42:56	42.765	445.530	0.511	435.070	485.077	0.470	5.530	11.766
7/27/2010 17:42:57	43.265	446.530	0.512	435.880	486.542	0.480	5.570	11.604
7/27/2010 17:42:57	43.765	447.530	0.512	437.610	487.732	0.470	5.550	11.809
7/27/2010 17:42:58	44.266	448.532	0.512	439.920	491.302	0.470	5.590	11.894
7/27/2010 17:42:58	44.765	449.530	0.514	439.740	492.981	0.470	5.590	11.894
7/27/2010 17:42:59	45.265	450.530	0.512	442.510	495.270	0.470	5.630	11.979
7/27/2010 17:42:59	45.766	451.532	0.513	444.070	496.368	0.490	5.650	11.531
7/27/2010 17:43:00	46.266	452.532	0.513	445.330	497.375	0.490	5.680	11.592
7/27/2010 17:43:00	46.765	453.530	0.512	447.610	496.399	0.490	5.680	11.592
7/27/2010 17:43:01	47.265	454.530	0.512	449.020	497.375	0.490	5.680	11.592
7/27/2010 17:43:01	47.766	455.532	0.514	449.150	498.016	0.490	5.700	11.633
7/27/2010 17:43:02	48.266	456.532	0.513	451.060	499.176	0.490	5.700	11.633
7/27/2010 17:43:02	48.766	457.532	0.511	454.130	500.061	0.470	5.720	12.170
7/27/2010 17:43:03	49.265	458.530	0.513	454.610	500.183	0.510	5.740	11.255
7/27/2010 17:43:03	49.766	459.532	0.512	455.920	500.824	0.470	5.740	12.213
7/27/2010 17:43:04	50.266	460.532	0.510	458.940	501.282	0.470	5.740	12.213
7/27/2010 17:43:04	50.766	461.532	0.510	460.960	501.923	0.480	5.800	12.083
7/27/2010 17:43:05	51.265	462.530	0.515	457.440	502.930	0.480	5.760	12.000
7/27/2010 17:43:05	51.766	463.532	0.511	461.850	504.517	0.460	5.830	12.674
7/27/2010 17:43:06	52.265	464.530	0.506	467.670	505.493	0.460	5.830	12.674
7/27/2010 17:43:06	52.766	465.532	0.514	462.370	506.012	0.490	5.830	11.898
7/27/2010 17:43:07	53.265	466.530	0.507	468.410	506.683	0.470	5.870	12.489
7/27/2010 17:43:07	53.766	467.532	0.510	467.160	507.568	0.470	5.850	12.447
7/27/2010 17:43:08	54.265	468.530	0.505	472.440	507.568	0.470	5.850	12.447
7/27/2010 17:43:08	54.766	469.532	0.508	471.250	507.843	0.470	5.870	12.489
7/27/2010 17:43:09	55.265	470.530	0.506	473.000	509.247	0.490	5.890	12.020
7/27/2010 17:43:09	55.766	471.532	0.506	474.480	509.583	0.490	5.890	12.020
7/27/2010 17:43:10	56.265	472.530	0.503	477.640	508.698	0.490	5.890	12.020
7/27/2010 17:43:10	56.766	473.532	0.501	480.000	509.918	0.480	5.930	12.354
7/27/2010 17:43:11	57.265	474.530	0.501	481.400	510.040	0.430	5.960	13.860
7/27/2010 17:43:11	57.766	475.532	0.498	483.870	509.705	0.430	6.000	13.953
7/27/2010 17:43:12	58.265	476.530	0.505	478.850	510.590	0.430	6.000	13.953
7/27/2010 17:43:12	58.766	477.532	0.494	488.740	511.261	0.480	6.000	12.500
7/27/2010 17:43:13	59.265	478.530	0.498	485.960	510.651	0.470	5.960	12.681
7/27/2010 17:43:13	59.766	479.532	0.499	485.430	511.230	0.490	5.980	12.204
7/27/2010 17:43:14	60.265	480.530	0.495	488.870	511.414	0.490	5.980	12.204
7/27/2010 17:43:14	60.766	481.532	0.496	488.660	511.597	0.520	6.000	11.538
7/27/2010 17:43:15	61.265	482.530	0.497	488.350	512.665	0.460	6.020	13.087
7/27/2010 17:43:15	61.766	483.532	0.497	489.200	512.787	0.450	6.020	13.378
7/27/2010 17:43:16	62.265	484.530	0.498	488.890	511.536	0.450	6.020	13.378
7/27/2010 17:43:16	62.765	485.530	0.497	489.760	511.505	0.490	6.040	12.327
7/27/2010 17:43:17	63.266	486.532	0.498	490.050	510.712	0.450	6.040	13.422
7/27/2010 17:43:17	63.766	487.532	0.498	490.650	509.979	0.410	6.040	14.732
7/27/2010 17:43:18	64.265	488.530	0.498	490.920	510.010	0.410	6.040	14.732
7/27/2010 17:43:18	64.765	489.530	0.499	490.780	510.101	0.510	6.080	11.922
7/27/2010 17:43:19	65.265	490.530	0.498	492.770	510.895	0.410	6.060	14.780
7/27/2010 17:43:19	65.766	491.532	0.499	492.770	510.651	0.430	6.110	14.209
7/27/2010 17:43:20	66.265	492.530	0.500	492.650	510.071	0.430	6.110	14.209
7/27/2010 17:43:20	66.765	493.530	0.496	497.330	511.597	0.440	6.150	13.977
7/27/2010 17:43:21	67.265	494.530	0.498	496.170	512.634	0.430	6.110	14.209
7/27/2010 17:43:21	67.766	495.532	0.498	496.870	512.604	0.500	6.110	12.220
7/27/2010 17:43:22	68.265	496.530	0.499	497.410	508.179	0.500	6.110	12.220
7/27/2010 17:43:22	68.765	497.530	0.498	498.800	514.465	0.510	6.170	12.098
7/27/2010 17:43:23	69.266	498.532	0.498	500.050	514.038	0.470	6.170	13.128
7/27/2010 17:43:23	69.766	499.532	0.498	500.620	513.245	0.520	6.190	11.904
7/27/2010 17:43:24	70.265	500.530	0.498	501.760	517.914	0.520	6.190	11.904
7/27/2010 17:43:24	70.765	501.530	0.499	501.980	527.649	0.510	6.190	12.137
7/27/2010 17:43:25	71.266	502.532	0.498	503.490	529.999	0.380	6.230	16.395
7/27/2010 17:43:25	71.766	503.532	0.499	503.810	531.189	0.500	6.190	12.380
7/27/2010 17:43:26	72.265	504.530	0.501	502.740	533.386	0.500	6.190	12.380
7/27/2010 17:43:26	72.765	505.530	0.495	509.050	529.724	0.410	6.280	15.317
7/27/2010 17:43:27	73.265	506.530	0.498	507.660	525.970	0.460	6.230	13.543
7/27/2010 17:43:27	73.766	507.532	0.499	506.970	511.597	0.390	6.280	16.103
7/27/2010 17:43:28	74.265	508.530	0.498	508.820	511.017	0.390	6.280	16.103
7/27/2010 17:43:28	74.765	509.530	0.501	507.220	511.230	0.460	6.280	13.652
7/27/2010 17:43:29	75.266	510.532	0.494	514.330	510.712	0.480	6.300	13.125
7/27/2010 17:43:29	75.766	511.532	0.500	510.940	517.151	0.440	6.280	14.273
7/27/2010 17:43:30	76.265	512.530	0.501	510.600	525.330	0.440	6.280	14.273
7/27/2010 17:43:30	76.765	513.530	0.494	517.450	524.475	0.480	6.320	13.167
7/27/2010 17:43:31	77.266	514.532	0.502	511.780	524.994	0.450	6.320	14.044
7/27/2010 17:43:31	77.766	515.532	0.492	520.630	525.818	0.490	6.320	12.898
7/27/2010 17:43:32	78.265	516.530	0.501	514.850	519.745	0.490	6.320	12.898
7/27/2010 17:43:32	78.765	517.530	0.498	517.920	519.653	0.430	6.340	14.744
7/27/2010 17:43:33	79.266	518.532	0.504	513.930	521.271	0.410	6.320	15.415
7/27/2010 17:43:33	79.766	519.532	0.496	521.100	520.935	0.460	6.340	13.783
7/27/2010 17:43:34	80.265	520.530	0.506	514.750	522.217	0.460	6.340	13.783
7/27/2010 17:43:34	80.765	521.530	0.496	523.840	522.278	0.540	6.360	11.778
7/27/2010 17:43:35	81.266	522.532	0.502	520.200	522.766	0.490	6.340	12.939
7/27/2010 17:43:35	81.765	523.530	0.497	524.700	523.407	0.490	6.340	12.939
7/27/2010 17:43:36	82.266	524.532	0.503	520.970	524.292	0.440	6.340	14.409
7/27/2010 17:43:36	82.765	525.530	0.504	520.800	522.980	0.490	6.360	12.980
7/27/2010 17:43:37	83.266	526.532	0.502	524.360	524.261	0.550	6.340	11.527
7/27/2010 17:43:37	83.765	527.530	0.501	525.990	524.475	0.550	6.340	11.527
7/27/2010 17:43:38	84.266	528.532	0.503	526.170	523.987	0.440	6.380	14.500
7/27/2010 17:43:38	84.765	529.530	0.500	529.510	524.841	0.560	6.380	11.393
7/27/2010 17:43:39	85.266	530.532	0.507	524.490	525.696	0.420	6.340	15.095
7/27/2010 17:43:39	85.765	531.530	0.503	528.770	525.726	0.420	6.340	15.095
7/27/2010 17:43:40	86.265	532.530	0.508	526.540	525.574	0.410	6.380	15.561
7/27/2010 17:43:40	86.765	533.530	0.506	528.750	526.917	0.510	6.410	12.569
7/27/2010 17:43:41	87.266	534.532	0.505	531.350	527.802	0.560	6.410	11.446
7/27/2010 17:43:41	87.765	535.530	0.508	529.720	530.334	0.560	6.410	11.446
7/27/2010 17:43:42	88.265	536.530	0.509	530.320	530.579	0.500	6.450	12.900
7/27/2010 17:43:42	88.765	537.530	0.512	529.470	528.046	0.530	6.380	12.038
7/27/2010 17:43:43	89.266	538.532	0.509	533.550	528.656	0.530	6.380	12.038
7/27/2010 17:43:43	89.766	539.532	0.514	530.380	527.893	0.410	6.410	15.634
7/27/2010 17:43:44	90.266	540.532	0.510	535.590	524.200	0.430	6.450	15.000
7/27/2010 17:43:44	90.765	541.530	0.513	534.170	524.719	0.400	6.430	16.075
7/27/2010 17:43:45	91.266	542.532	0.511	537.470	530.182	0.570	6.450	11.316
7/27/2010 17:43:45	91.765	543.530	0.511	539.000	529.541	0.570	6.450	11.316
7/27/2010 17:43:46	92.265	544.530	0.513	538.670	527.679	0.370	6.430	17.378
7/27/2010 17:43:46	92.766	545.532	0.514	539.430	527.557	0.380	6.470	17.026
7/27/2010 17:43:47	93.266	546.532	0.515	539.830	526.611	0.370	6.450	17.432
7/27/2010 17:43:47	93.765	547.530	0.518	538.930	525.909	0.370	6.450	17.432
7/27/2010 17:43:48	94.266	548.532	0.516	541.240	525.269	0.440	6.470	14.705
7/27/2010 17:43:48	94.766	549.532	0.518	541.570	528.198	0.390	6.450	16.538
7/27/2010 17:43:49	95.266	550.532	0.522	540.060	531.677	0.400	6.430	16.075
7/27/2010 17:43:49	95.765	551.530	0.520	543.090	535.187	0.400	6.430	16.075
7/27/2010 17:43:50	96.266	552.532	0.523	541.840	533.325	0.560	6.450	11.518
7/27/2010 17:43:50	96.766	553.532	0.522	544.470	532.227	0.520	6.450	12.404
7/27/2010 17:43:51	97.266	554.532	0.523	545.220	531.189	0.430	6.450	15.000
7/27/2010 17:43:51	97.765	555.530	0.525	544.980	530.701	0.430	6.450	15.000
7/27/2010 17:43:52	98.265	556.530	0.527	545.220	529.327	0.550	6.450	11.727
7/27/2010 17:43:52	98.766	557.532	0.528	546.240	529.388	0.550	6.430	11.691
7/27/2010 17:43:53	99.266	558.532	0.529	547.320	531.006	0.420	6.450	15.357
7/27/2010 17:43:53	99.765	559.530	0.533	545.860	532.654	0.420	6.450	15.357
7/27/2010 17:43:54	100.265	560.530	0.525	554.470	534.637	0.580	6.530	11.259
7/27/2010 17:43:54	100.766	561.532	0.535	547.560	537.109	0.380	6.490	17.079
7/27/2010 17:43:55	101.266	562.532	0.527	556.170	539.124	0.570	6.510	11.421
7/27/2010 17:43:55	101.765	563.530	0.536	550.380	542.114	0.570	6.510	11.421
7/27/2010 17:43:56	102.265	564.530	0.530	556.410	542.084	0.390	6.530	16.744
7/27/2010 17:43:56	102.766	565.532	0.532	556.720	540.985	0.580	6.490	11.190
7/27/2010 17:43:57	103.266	566.532	0.535	556.280	539.948	0.590	6.510	11.034
7/27/2010 17:43:57	103.765	567.530	0.535	557.230	541.840	0.590	6.510	11.034
7/27/2010 17:43:58	104.265	568.530	0.538	556.710	540.924	0.580	6.510	11.224
7/27/2010 17:43:58	104.766	569.532	0.536	560.540	542.053	0.470	6.560	13.957
7/27/2010 17:43:59	105.266	570.532	0.541	557.850	543.884	0.520	6.510	12.519
7/27/2010 17:43:59	105.765	571.530	0.536	563.650	545.349	0.520	6.510	12.519
7/27/2010 17:44:00	106.265	572.530	0.541	561.040	546.173	0.400	6.510	16.275
7/27/2010 17:44:00	106.766	573.532	0.543	561.060	547.272	0.450	6.530	14.511
7/27/2010 17:44:01	107.266	574.532	0.542	564.160	548.340	0.420	6.490	15.452
7/27/2010 17:44:01	107.765	575.530	0.546	562.720	548.096	0.420	6.490	15.452
7/27/2010 17:44:02	108.265	576.530	0.547	563.240	547.089	0.580	6.510	11.224
7/27/2010 17:44:02	108.766	577.532	0.550	562.570	547.150	0.580	6.510	11.224
7/27/2010 17:44:03	109.265	578.530	0.554	560.850	548.004	0.580	6.510	11.224
7/27/2010 17:44:03	109.766	579.532	0.548	567.960	548.218	0.570	6.490	11.386
7/27/2010 17:44:04	110.265	580.530	0.557	563.010	549.438	0.490	6.470	13.204
7/27/2010 17:44:04	110.766	581.532	0.555	565.820	550.537	0.440	6.490	14.750
7/27/2010 17:44:05	111.265	582.530	0.556	567.720	550.934	0.440	6.490	14.750
7/27/2010 17:44:05	111.766	583.532	0.559	567.420	550.049	0.570	6.380	11.193
7/27/2010 17:44:06	112.265	584.530	0.633	505.280	550.507	0.500	5.800	11.600
7/27/2010 17:44:06	112.766	585.532	0.540	585.940	550.873	0.650	6.510	10.015
7/27/2010 17:44:07	113.265	586.530	0.619	526.630	552.155	0.650	6.510	10.015
7/27/2010 17:44:07	113.766	587.532	0.562	574.610	552.582	0.650	6.410	9.862
7/27/2010 17:44:08	114.266	588.532	0.597	551.550	554.413	0.480	6.300	13.125
7/27/2010 17:44:08	114.766	589.532	0.573	573.480	554.687	0.520	6.410	12.327
7/27/2010 17:44:09	115.265	590.530	0.584	568.640	555.328	0.520	6.410	12.327
7/27/2010 17:44:09	115.765	591.530	0.582	572.180	554.443	0.440	6.410	14.568
7/27/2010 17:44:10	116.265	592.530	0.583	573.940	555.359	0.580	6.380	11.000
7/27/2010 17:44:10	116.766	593.532	0.584	575.680	556.854	0.570	6.410	11.246
7/27/2010 17:44:11	117.265	594.530	0.586	576.410	558.105	0.570	6.410	11.246
7/27/2010 17:44:11	117.765	595.530	0.588	576.290	558.807	0.610	6.410	10.508
7/27/2010 17:44:12	118.265	596.530	0.590	576.750	560.760	0.490	6.430	13.122
7/27/2010 17:44:12	118.766	597.532	0.589	580.670	561.798	0.460	6.410	13.935
7/27/2010 17:44:13	119.265	598.530	0.594	578.930	562.256	0.460	6.410	13.935
7/27/2010 17:44:13	119.765	599.530	0.593	581.910	563.171	0.600	6.430	10.717
7/27/2010 17:44:14	120.266	600.532	0.596	581.520	565.369	0.620	6.430	10.371
7/27/2010 17:44:14	120.766	601.532	0.599	581.380	562.103	0.600	6.430	10.717
7/27/2010 17:44:15	121.265	602.530	0.601	581.840	562.408	0.600	6.430	10.717
7/27/2010 17:44:15	121.765	603.530	0.599	585.510	562.744	0.480	6.430	13.396
7/27/2010 17:44:16	122.266	604.532	0.604	584.290	563.446	0.610	6.410	10.508
7/27/2010 17:44:16	122.766	605.532	0.602	587.640	562.836	0.480	6.430	13.396
7/27/2010 17:44:17	123.265	606.530	0.606	587.410	567.291	0.480	6.430	13.396
7/27/2010 17:44:17	123.765	607.530	0.610	585.630	568.298	0.610	6.430	10.541
7/27/2010 17:44:18	124.266	608.532	0.605	592.130	568.970	0.650	6.430	9.892
7/27/2010 17:44:18	124.766	609.532	0.614	587.760	569.427	0.630	6.410	10.175
7/27/2010 17:44:19	125.265	610.530	0.612	591.080	569.824	0.630	6.410	10.175
7/27/2010 17:44:19	125.765	611.530	0.613	592.750	570.526	0.470	6.430	13.681
7/27/2010 17:44:20	126.266	612.532	0.616	592.670	571.075	0.580	6.410	11.052
7/27/2010 17:44:20	126.766	613.532	0.619	592.430	571.716	0.630	6.430	10.206
7/27/2010 17:44:21	127.265	614.530	0.621	592.950	572.052	0.630	6.430	10.206
7/27/2010 17:44:21	127.765	615.530	0.619	597.240	572.571	0.650	6.430	9.892
7/27/2010 17:44:22	128.266	616.532	0.630	590.330	573.669	0.600	6.380	10.633
7/27/2010 17:44:22	128.766	617.532	0.620	601.430	574.493	0.660	6.430	9.742
7/27/2010 17:44:23	129.265	618.530	0.635	591.920	575.439	0.660	6.430	9.742
7/27/2010 17:44:23	129.765	619.530	0.626	600.980	576.691	0.540	6.430	11.907
7/27/2010 17:44:24	130.266	620.532	0.634	597.720	577.972	0.530	6.430	12.132
7/27/2010 17:44:24	130.766	621.532	0.632	601.540	578.156	0.640	6.380	9.969
7/27/2010 17:44:25	131.265	622.530	0.633	603.160	578.461	0.640	6.380	9.969
7/27/2010 17:44:25	131.765	623.530	0.635	603.540	579.041	0.580	6.410	11.052
7/27/2010 17:44:26	132.266	624.532	0.639	602.650	579.376	0.650	6.380	9.815
7/27/2010 17:44:26	132.766	625.532	0.643	602.180	579.987	0.650	6.380	9.815
7/27/2010 17:44:27	133.266	626.532	0.643	604.530	580.658	0.610	6.410	10.508
7/27/2010 17:44:27	133.765	627.530	0.646	604.830	581.512	0.590	6.410	10.864
7/27/2010 17:44:28	134.266	628.532	0.647	606.500	582.092	0.500	6.410	12.820
7/27/2010 17:44:28	134.765	629.530	0.650	606.220	583.191	0.500	6.410	12.820
7/27/2010 17:44:29	135.266	630.532	0.653	606.340	583.466	0.650	6.410	9.862
7/27/2010 17:44:29	135.765	631.530	0.653	608.770	584.442	0.630	6.380	10.127
7/27/2010 17:44:30	136.266	632.532	0.656	609.200	584.961	0.660	6.380	9.667
7/27/2010 17:44:30	136.765	633.530	0.658	609.550	585.175	0.660	6.380	9.667
7/27/2010 17:44:31	137.265	634.530	0.660	611.040	585.510	0.650	6.380	9.815
7/27/2010 17:44:31	137.766	635.532	0.665	609.550	586.334	0.650	6.360	9.785
7/27/2010 17:44:32	138.266	636.532	0.661	615.210	587.006	0.620	6.380	10.290
7/27/2010 17:44:32	138.765	637.530	0.666	614.110	587.738	0.620	6.380	10.290
7/27/2010 17:44:33	139.265	638.530	0.670	613.420	589.111	0.680	6.340	9.324
7/27/2010 17:44:33	139.766	639.532	0.672	613.820	590.027	0.640	6.340	9.906
7/27/2010 17:44:34	140.266	640.532	0.670	618.420	590.790	0.640	6.340	9.906
7/27/2010 17:44:34	140.766	641.532	0.675	617.530	591.003	0.650	6.380	9.815
7/27/2010 17:44:35	141.265	642.530	0.676	619.030	591.766	0.550	6.360	11.564
7/27/2010 17:44:35	141.765	643.530	0.678	619.840	592.621	0.550	6.360	11.564
7/27/2010 17:44:36	142.265	644.530	0.681	619.880	593.536	0.670	6.280	9.373
7/27/2010 17:44:36	142.766	645.532	0.685	618.740	594.849	0.640	6.340	9.906
7/27/2010 17:44:37	143.265	646.530	0.685	621.630	595.917	0.680	6.360	9.353
7/27/2010 17:44:37	143.766	647.532	0.688	621.990	597.107	0.670	6.340	9.463
7/27/2010 17:44:38	144.266	648.532	0.692	621.850	597.504	0.660	6.340	9.606
7/27/2010 17:44:38	144.765	649.530	0.693	623.810	597.076	0.660	6.340	9.606
7/27/2010 17:44:39	145.265	650.530	0.695	624.250	597.534	0.660	6.360	9.636
7/27/2010 17:44:39	145.766	651.532	0.701	622.580	597.717	0.680	6.320	9.294
7/27/2010 17:44:40	146.266	652.532	0.695	630.430	598.297	0.710	6.360	8.958
7/27/2010 17:44:40	146.765	653.530	0.705	625.340	599.152	0.710	6.360	8.958
7/27/2010 17:44:41	147.265	654.530	0.701	630.570	601.044	0.690	6.300	9.130
7/27/2010 17:44:41	147.766	655.532	0.706	629.330	601.501	0.710	6.360	8.958
7/27/2010 17:44:42	148.266	656.532	0.707	631.200	602.203	0.710	6.320	8.901
7/27/2010 17:44:42	148.765	657.530	0.712	630.410	602.753	0.710	6.320	8.901
7/27/2010 17:44:43	149.265	658.530	0.712	632.440	602.356	0.690	6.320	9.159
7/27/2010 17:44:43	149.766	659.532	0.715	633.530	602.417	0.660	6.320	9.576
7/27/2010 17:44:44	150.266	660.532	0.719	632.790	603.058	0.660	6.320	9.576
7/27/2010 17:44:44	150.766	661.532	0.721	633.580	602.295	0.690	6.300	9.130
7/27/2010 17:44:45	151.265	662.530	0.724	634.520	603.394	0.620	6.280	10.129
7/27/2010 17:44:45	151.766	663.532	0.724	636.750	605.865	0.710	6.320	8.901
7/27/2010 17:44:46	152.266	664.532	0.729	635.960	607.086	0.680	6.320	9.294
7/27/2010 17:44:46	152.765	665.530	0.732	636.050	604.706	0.680	6.320	9.294
7/27/2010 17:44:47	153.265	666.530	0.735	636.960	603.455	0.740	6.300	8.514
7/27/2010 17:44:47	153.766	667.532	0.738	636.780	603.241	0.680	6.320	9.294
7/27/2010 17:44:48	154.266	668.532	0.738	640.150	602.997	0.650	6.300	9.692
7/27/2010 17:44:48	154.765	669.530	0.741	640.780	601.105	0.650	6.300	9.692
7/27/2010 17:44:49	155.265	670.530	0.825	571.340	602.661	0.700	5.780	8.257
7/27/2010 17:44:49	155.766	671.532	0.738	647.360	607.239	0.800	6.210	7.762
7/27/2010 17:44:50	156.266	672.532	0.796	608.180	608.612	0.720	6.060	8.417
7/27/2010 17:44:50	156.765	673.530	0.751	648.550	613.892	0.720	6.060	8.417
7/27/2010 17:44:51	157.265	674.530	0.778	631.730	620.758	0.740	6.150	8.311
7/27/2010 17:44:51	157.766	675.532	0.773	638.180	623.138	0.710	6.170	8.690
7/27/2010 17:44:52	158.265	676.530	0.776	639.750	631.561	0.710	6.170	8.690
7/27/2010 17:44:52	158.766	677.532	0.779	640.780	635.773	0.710	6.130	8.634
7/27/2010 17:44:53	159.265	678.530	0.779	644.640	632.050	0.700	6.210	8.871
7/27/2010 17:44:53	159.766	679.532	0.785	643.380	627.411	0.740	6.170	8.338
7/27/2010 17:44:54	160.265	680.530	0.785	646.890	628.815	0.740	6.170	8.338
7/27/2010 17:44:54	160.765	681.530	0.790	646.320	622.192	0.750	6.190	8.253
7/27/2010 17:44:55	161.265	682.530	0.792	647.680	619.995	0.670	6.170	9.209
7/27/2010 17:44:55	161.766	683.532	0.790	652.940	624.146	0.800	6.190	7.737
7/27/2010 17:44:56	162.265	684.530	0.802	646.090	626.709	0.800	6.190	7.737
7/27/2010 17:44:56	162.765	685.530	0.792	657.430	627.625	0.800	6.190	7.737
7/27/2010 17:44:57	163.265	686.530	0.803	652.160	628.784	0.780	6.210	7.962
7/27/2010 17:44:57	163.766	687.532	0.804	654.240	629.395	0.800	6.170	7.712
7/27/2010 17:44:58	164.265	688.530	0.810	652.340	627.716	0.800	6.170	7.712
7/27/2010 17:44:58	164.765	689.530	0.808	657.500	628.784	0.710	6.170	8.690
7/27/2010 17:44:59	165.265	690.530	0.817	653.730	629.761	0.750	6.170	8.227
7/27/2010 17:44:59	165.766	691.532	0.814	659.550	630.524	0.760	6.190	8.145
7/27/2010 17:45:00	166.265	692.530	0.822	656.630	631.714	0.760	6.190	8.145
7/27/2010 17:45:00	166.765	693.530	0.822	659.670	631.500	0.810	6.150	7.593
7/27/2010 17:45:01	167.266	694.532	0.826	659.660	632.660	0.810	6.170	7.617
7/27/2010 17:45:01	167.766	695.532	0.829	660.880	633.759	0.800	6.110	7.638
7/27/2010 17:45:02	168.265	696.530	0.835	658.800	634.460	0.800	6.110	7.638
7/27/2010 17:45:02	168.765	697.530	0.833	663.960	634.888	0.820	6.150	7.500
7/27/2010 17:45:03	169.266	698.532	0.839	662.770	636.353	0.740	6.150	8.311
7/27/2010 17:45:03	169.766	699.532	0.844	661.460	636.810	0.830	6.130	7.386
7/27/2010 17:45:04	170.265	700.530	0.847	662.330	638.306	0.830	6.130	7.386
7/27/2010 17:45:04	170.766	701.532	0.845	667.600	639.343	0.790	6.130	7.759
7/27/2010 17:45:05	171.266	702.532	0.852	666.250	639.557	0.830	6.110	7.361
7/27/2010 17:45:05	171.766	703.532	0.853	668.780	640.625	0.740	6.130	8.284
7/27/2010 17:45:06	172.265	704.530	0.858	668.110	640.625	0.740	6.130	8.284
7/27/2010 17:45:06	172.765	705.530	0.862	667.380	640.442	0.820	6.080	7.415
7/27/2010 17:45:07	173.266	706.532	0.861	672.160	640.900	0.850	6.150	7.235
7/27/2010 17:45:07	173.766	707.532	0.869	669.470	642.609	0.810	6.080	7.506
7/27/2010 17:45:08	174.265	708.530	0.870	671.670	644.440	0.810	6.080	7.506
7/27/2010 17:45:08	174.765	709.530	0.877	669.230	647.644	0.790	6.080	7.696
7/27/2010 17:45:09	175.266	710.532	0.877	673.220	648.071	0.830	5.550	6.687
7/27/2010 17:45:09	175.766	711.532	0.956	608.710	650.177	0.810	5.720	7.062
7/27/2010 17:45:10	176.265	712.530	0.869	685.500	653.198	0.810	5.720	7.062
7/27/2010 17:45:10	176.765	713.530	0.933	640.980	653.351	0.820	5.890	7.183
7/27/2010 17:45:11	177.266	714.532	0.884	684.980	652.893	0.890	6.040	6.787
7/27/2010 17:45:11	177.766	715.532	0.924	658.010	654.816	0.830	5.960	7.181
7/27/2010 17:45:12	178.265	716.530	0.897	682.980	654.480	0.830	5.960	7.181
7/27/2010 17:45:12	178.765	717.530	0.924	665.830	653.503	0.870	5.980	6.874
7/27/2010 17:45:13	179.266	718.532	0.907	683.370	654.114	0.890	6.020	6.764
7/27/2010 17:45:13	179.766	719.532	0.928	670.550	655.212	0.890	6.020	6.764
7/27/2010 17:45:14	180.266	720.532	0.919	681.720	655.396	0.900	6.000	6.667
7/27/2010 17:45:14	180.765	721.530	0.935	672.750	656.311	0.890	5.960	6.697
7/27/2010 17:45:15	181.266	722.532	0.926	683.950	656.769	0.890	6.000	6.742
7/27/2010 17:45:15	181.765	723.530	0.938	678.520	656.097	0.890	6.000	6.742
7/27/2010 17:45:16	182.266	724.532	0.935	683.960	656.708	0.860	5.980	6.953
7/27/2010 17:45:16	182.765	725.530	0.942	682.260	658.905	0.920	5.930	6.446
7/27/2010 17:45:17	183.266	726.532	0.943	686.010	660.034	0.900	5.980	6.644
7/27/2010 17:45:17	183.765	727.530	0.948	685.610	660.645	0.900	5.980	6.644
7/27/2010 17:45:18	184.266	728.532	0.954	684.420	661.926	0.910	5.960	6.549
7/27/2010 17:45:18	184.765	729.530	0.954	687.720	663.239	0.920	5.960	6.478
7/27/2010 17:45:19	185.266	730.532	0.958	689.190	661.194	0.910	5.930	6.516
7/27/2010 17:45:19	185.765	731.530	0.966	686.210	659.210	0.910	5.930	6.516
7/27/2010 17:45:20	186.266	732.532	0.966	689.940	660.522	0.950	5.930	6.242
7/27/2010 17:45:20	186.765	733.530	0.970	690.510	662.903	0.900	5.910	6.567
7/27/2010 17:45:21	187.266	734.532	0.969	696.010	663.147	0.910	5.910	6.495
7/27/2010 17:45:21	187.765	735.530	0.984	687.380	666.260	0.910	5.910	6.495
7/27/2010 17:45:22	188.266	736.532	0.971	701.390	669.373	0.950	5.780	6.084
7/27/2010 17:45:22	188.765	737.530	0.998	683.020	670.380	0.910	5.890	6.473
7/27/2010 17:45:23	189.266	738.532	0.982	700.310	669.281	0.970	5.910	6.093
7/27/2010 17:45:23	189.765	739.530	0.995	694.270	671.692	0.970	5.910	6.093
7/27/2010 17:45:24	190.265	740.530	0.995	697.710	667.938	0.920	5.890	6.402
7/27/2010 17:45:24	190.765	741.530	0.998	699.670	668.671	0.960	5.910	6.156
7/27/2010 17:45:25	191.266	742.532	1.006	696.350	669.678	0.990	5.870	5.929
7/27/2010 17:45:25	191.765	743.530	1.003	703.250	671.204	0.990	5.870	5.929
7/27/2010 17:45:26	192.265	744.530	1.011	700.750	670.258	0.990	5.890	5.949
7/27/2010 17:45:26	192.765	745.530	1.008	706.780	674.927	1.010	5.890	5.832
7/27/2010 17:45:27	193.266	746.532	1.023	698.390	676.178	0.950	5.890	6.200
7/27/2010 17:45:27	193.765	747.530	1.013	710.740	675.995	0.950	5.890	6.200
7/27/2010 17:45:28	194.265	748.530	1.030	700.380	677.277	0.970	5.870	6.052
7/27/2010 17:45:28	194.765	749.530	1.022	710.800	678.131	1.010	5.890	5.832
7/27/2010 17:45:29	195.266	750.000	1.030	708.270	679.474	1.010	5.890	5.832
