==Experiment Metadata==
Software Version::TPD Controller v1.1
Data Saved::Tue, Jul 27, 2010 18:02:33
Sample::JRS0035
Experimenter Name::CHeidelberger
Experiment Type::Temp Control Test
Chamber::Prep
Thermocouple Type::K
Notes::Testing pid parameters

==Hardware Parameters==
Start Time::Tue, Jul 27, 2010 17:58:59
Data Points::392
Sample Start Temperature (Thermocouple) [C]::90.10500
Current Limit [A]::4.00000
Temperature Limit [C]::900.00000
Voltage Limit [V]::20.00000
PID Calculates::Current

==PID Gain Schedule==
Kc	Ti[minutes]	Td[minutes]	MaxTemperature[C]
0.0005000	0.1000000	0.0010000	0.00

==Temperature Schedule==
Time[s]	TemperatureSetpoint[C]
0.00	400.00
20.00	400.00
195.00	750.00

==Data==
DateStamp	ElapsedTime[s]	TemperatureSetpoint[C]	CurrentSetpoint[A]	ThermocoupleTemperature[C]	PyrometerTemperature[C]	MeasuredCurrent[A]	MeasuredVoltage[V]	MeasuredResistance[ohms]
7/27/2010 17:58:59	0.000	400.000	0.155	90.105	590.881	0.000	0.050	Inf
7/27/2010 17:58:59	0.314	400.000	0.163	89.881	507.629	0.000	0.050	Inf
7/27/2010 17:58:59	0.814	400.000	0.162	114.180	422.119	0.360	5.420	15.056
7/27/2010 17:59:00	1.315	400.000	0.166	130.480	338.593	0.380	5.480	14.421
7/27/2010 17:59:00	1.814	400.000	0.171	142.750	254.730	0.380	5.480	14.421
7/27/2010 17:59:01	2.314	400.000	0.175	156.040	256.317	0.380	5.480	14.421
7/27/2010 17:59:01	2.814	400.000	0.179	167.670	256.378	0.360	5.440	15.111
7/27/2010 17:59:02	3.315	400.000	0.183	178.920	257.629	0.380	5.420	14.263
7/27/2010 17:59:02	3.814	400.000	0.186	189.800	257.355	0.370	5.380	14.541
7/27/2010 17:59:03	4.314	400.000	0.190	199.820	255.127	0.370	5.380	14.541
7/27/2010 17:59:03	4.814	400.000	0.193	209.040	257.660	0.370	5.290	14.297
7/27/2010 17:59:04	5.315	400.000	0.197	217.860	252.167	0.390	5.270	13.513
7/27/2010 17:59:04	5.814	400.000	0.200	226.580	255.127	0.390	5.180	13.282
7/27/2010 17:59:05	6.314	400.000	0.204	233.420	254.425	0.390	5.180	13.282
7/27/2010 17:59:05	6.814	400.000	0.206	241.410	258.728	0.370	5.120	13.838
7/27/2010 17:59:06	7.315	400.000	0.210	248.290	262.909	0.370	5.050	13.649
7/27/2010 17:59:06	7.814	400.000	0.212	254.750	275.421	0.360	5.030	13.972
7/27/2010 17:59:07	8.314	400.000	0.215	260.850	285.065	0.360	5.030	13.972
7/27/2010 17:59:07	8.814	400.000	0.218	266.240	298.340	0.360	4.970	13.806
7/27/2010 17:59:08	9.315	400.000	0.221	271.940	306.061	0.400	4.950	12.375
7/27/2010 17:59:08	9.814	400.000	0.224	276.750	313.812	0.350	4.900	14.000
7/27/2010 17:59:09	10.314	400.000	0.227	281.330	319.733	0.350	4.900	14.000
7/27/2010 17:59:09	10.814	400.000	0.229	285.780	322.388	0.340	4.880	14.353
7/27/2010 17:59:10	11.315	400.000	0.232	289.360	328.033	0.370	4.770	12.892
7/27/2010 17:59:10	11.814	400.000	0.235	292.730	333.954	0.380	4.770	12.553
7/27/2010 17:59:11	12.314	400.000	0.238	295.780	339.325	0.380	4.770	12.553
7/27/2010 17:59:11	12.814	400.000	0.241	298.110	342.957	0.380	4.730	12.447
7/27/2010 17:59:12	13.315	400.000	0.244	301.380	346.741	0.400	4.710	11.775
7/27/2010 17:59:12	13.814	400.000	0.247	303.250	349.579	0.350	4.730	13.514
7/27/2010 17:59:13	14.314	400.000	0.250	305.650	354.309	0.350	4.730	13.514
7/27/2010 17:59:13	14.814	400.000	0.252	307.790	360.138	0.390	4.690	12.026
7/27/2010 17:59:14	15.315	400.000	0.255	309.560	363.342	0.380	4.690	12.342
7/27/2010 17:59:14	15.814	400.000	0.258	311.250	365.601	0.380	4.670	12.289
7/27/2010 17:59:15	16.314	400.000	0.261	313.010	365.875	0.380	4.670	12.289
7/27/2010 17:59:15	16.814	400.000	0.264	314.150	365.753	0.390	4.620	11.846
7/27/2010 17:59:16	17.315	400.000	0.267	315.340	363.953	0.390	4.620	11.846
7/27/2010 17:59:16	17.814	400.000	0.270	316.410	367.371	0.370	4.640	12.541
7/27/2010 17:59:17	18.315	400.000	0.273	317.590	371.277	0.370	4.640	12.541
7/27/2010 17:59:17	18.814	400.000	0.276	318.430	371.826	0.380	4.620	12.158
7/27/2010 17:59:18	19.315	400.000	0.279	319.780	374.390	0.390	4.640	11.897
7/27/2010 17:59:18	19.814	400.000	0.282	320.430	376.617	0.370	4.620	12.486
7/27/2010 17:59:19	20.315	400.630	0.285	321.040	377.686	0.350	4.620	13.200
7/27/2010 17:59:19	20.815	401.630	0.288	322.030	376.556	0.350	4.620	13.200
7/27/2010 17:59:20	21.315	402.630	0.292	322.290	380.524	0.390	4.620	11.846
7/27/2010 17:59:20	21.814	403.628	0.295	323.230	382.477	0.360	4.620	12.833
7/27/2010 17:59:21	22.315	404.630	0.299	323.780	382.935	0.360	4.620	12.833
7/27/2010 17:59:21	22.814	405.628	0.303	324.320	382.843	0.360	4.600	12.778
7/27/2010 17:59:22	23.315	406.630	0.306	324.420	382.874	0.400	4.580	11.450
7/27/2010 17:59:22	23.814	407.628	0.310	324.750	381.897	0.400	4.580	11.450
7/27/2010 17:59:23	24.315	408.630	0.314	325.150	382.233	0.400	4.580	11.450
7/27/2010 17:59:23	24.814	409.628	0.318	325.190	385.040	0.370	4.560	12.324
7/27/2010 17:59:24	25.315	410.630	0.322	325.450	384.125	0.380	4.560	12.000
7/27/2010 17:59:24	25.814	411.628	0.326	325.720	387.207	0.370	4.560	12.324
7/27/2010 17:59:25	26.315	412.630	0.330	325.900	387.817	0.370	4.540	12.270
7/27/2010 17:59:25	26.814	413.628	0.334	326.030	388.824	0.370	4.540	12.270
7/27/2010 17:59:26	27.314	414.628	0.338	325.850	389.038	0.390	4.560	11.692
7/27/2010 17:59:26	27.814	415.628	0.342	326.300	388.824	0.360	4.560	12.667
7/27/2010 17:59:27	28.315	416.630	0.346	326.330	388.580	0.380	4.540	11.947
7/27/2010 17:59:27	28.814	417.628	0.351	326.490	388.000	0.380	4.540	11.947
7/27/2010 17:59:28	29.315	418.630	0.355	326.220	386.963	0.360	4.540	12.611
7/27/2010 17:59:28	29.814	419.628	0.359	326.560	386.353	0.360	4.540	12.611
7/27/2010 17:59:29	30.315	420.630	0.364	326.280	387.787	0.360	4.540	12.611
7/27/2010 17:59:29	30.814	421.628	0.368	326.870	385.223	0.370	4.540	12.270
7/27/2010 17:59:30	31.315	422.630	0.373	326.410	383.636	0.370	4.520	12.216
7/27/2010 17:59:30	31.814	423.628	0.377	326.620	382.202	0.400	4.540	11.350
7/27/2010 17:59:31	32.315	424.630	0.382	326.820	381.226	0.370	4.540	12.270
7/27/2010 17:59:31	32.814	425.628	0.386	326.660	382.050	0.370	4.540	12.270
7/27/2010 17:59:32	33.315	426.630	0.391	326.640	383.453	0.360	4.520	12.556
7/27/2010 17:59:32	33.814	427.628	0.396	326.650	384.644	0.370	4.520	12.216
7/27/2010 17:59:33	34.315	428.630	0.400	326.460	386.871	0.360	4.520	12.556
7/27/2010 17:59:33	34.814	429.628	0.405	326.590	385.925	0.360	4.520	12.556
7/27/2010 17:59:34	35.315	430.630	0.410	326.710	384.491	0.360	4.490	12.472
7/27/2010 17:59:34	35.814	431.628	0.415	326.640	385.620	0.380	4.520	11.895
7/27/2010 17:59:35	36.315	432.630	0.420	326.790	385.620	0.380	4.520	11.895
7/27/2010 17:59:35	36.814	433.628	0.424	327.240	385.742	0.390	4.560	11.692
7/27/2010 17:59:36	37.315	434.630	0.429	328.320	386.200	0.370	4.640	12.541
7/27/2010 17:59:36	37.814	435.628	0.433	328.840	386.017	0.410	4.640	11.317
7/27/2010 17:59:37	38.315	436.630	0.438	330.030	386.047	0.390	4.690	12.026
7/27/2010 17:59:37	38.814	437.628	0.442	330.400	388.336	0.390	4.690	12.026
7/27/2010 17:59:38	39.315	438.630	0.446	333.480	388.733	0.410	4.840	11.805
7/27/2010 17:59:38	39.814	439.628	0.450	334.420	391.754	0.420	4.840	11.524
7/27/2010 17:59:39	40.315	440.630	0.454	336.980	393.280	0.410	4.880	11.902
7/27/2010 17:59:39	40.814	441.628	0.458	338.430	393.463	0.410	4.880	11.902
7/27/2010 17:59:40	41.314	442.628	0.462	340.380	394.501	0.450	4.880	10.844
7/27/2010 17:59:40	41.815	443.630	0.465	342.360	395.142	0.430	4.950	11.512
7/27/2010 17:59:41	42.315	444.630	0.469	344.170	396.149	0.420	4.950	11.786
7/27/2010 17:59:41	42.814	445.628	0.473	345.610	400.360	0.420	4.950	11.786
7/27/2010 17:59:42	43.314	446.628	0.476	348.150	402.710	0.420	4.970	11.833
7/27/2010 17:59:42	43.815	447.630	0.480	349.370	405.426	0.450	4.970	11.044
7/27/2010 17:59:43	44.315	448.630	0.483	352.550	408.020	0.450	5.050	11.222
7/27/2010 17:59:43	44.814	449.628	0.487	354.310	410.797	0.450	5.050	11.222
7/27/2010 17:59:44	45.314	450.628	0.491	355.430	412.781	0.430	5.010	11.651
7/27/2010 17:59:44	45.815	451.630	0.493	359.260	416.473	0.480	5.120	10.667
7/27/2010 17:59:45	46.315	452.630	0.497	361.570	418.152	0.480	5.120	10.667
7/27/2010 17:59:45	46.815	453.630	0.500	363.690	421.112	0.460	5.120	11.130
7/27/2010 17:59:46	47.314	454.628	0.503	364.810	423.706	0.470	5.120	10.894
7/27/2010 17:59:46	47.815	455.630	0.505	369.210	425.537	0.470	5.180	11.021
7/27/2010 17:59:47	48.315	456.630	0.509	370.430	427.277	0.480	5.180	10.792
7/27/2010 17:59:47	48.814	457.628	0.512	371.860	429.901	0.480	5.180	10.792
7/27/2010 17:59:48	49.314	458.628	0.515	375.050	432.404	0.480	5.220	10.875
7/27/2010 17:59:48	49.815	459.630	0.518	377.200	434.631	0.470	5.220	11.106
7/27/2010 17:59:49	50.315	460.630	0.521	378.560	437.347	0.490	5.220	10.653
7/27/2010 17:59:49	50.814	461.628	0.523	381.650	439.758	0.490	5.220	10.653
7/27/2010 17:59:50	51.314	462.628	0.526	383.870	442.017	0.490	5.270	10.755
7/27/2010 17:59:50	51.815	463.630	0.529	384.970	443.726	0.480	5.250	10.937
7/27/2010 17:59:51	52.315	464.630	0.532	386.520	446.320	0.490	5.250	10.714
7/27/2010 17:59:51	52.814	465.628	0.533	391.960	448.700	0.490	5.250	10.714
7/27/2010 17:59:52	53.314	466.628	0.536	393.210	451.172	0.520	5.350	10.288
7/27/2010 17:59:52	53.815	467.630	0.539	395.060	453.735	0.510	5.350	10.490
7/27/2010 17:59:53	54.315	468.630	0.541	397.360	456.299	0.510	5.330	10.451
7/27/2010 17:59:53	54.814	469.628	0.542	401.220	458.527	0.510	5.330	10.451
7/27/2010 17:59:54	55.314	470.628	0.545	402.410	460.541	0.520	5.400	10.385
7/27/2010 17:59:54	55.815	471.630	0.548	403.840	462.982	0.530	5.400	10.189
7/27/2010 17:59:55	56.315	472.630	0.550	405.150	464.935	0.530	5.400	10.189
7/27/2010 17:59:55	56.815	473.630	0.551	409.270	467.255	0.540	5.420	10.037
7/27/2010 17:59:56	57.314	474.628	0.554	410.420	469.208	0.550	5.440	9.891
7/27/2010 17:59:56	57.815	475.630	0.557	411.180	471.069	0.520	5.420	10.423
7/27/2010 17:59:57	58.315	476.630	0.559	413.190	472.595	0.520	5.420	10.423
7/27/2010 17:59:57	58.814	477.628	0.562	414.260	473.969	0.520	5.420	10.423
7/27/2010 17:59:58	59.314	478.628	0.563	417.500	475.739	0.540	5.460	10.111
7/27/2010 17:59:58	59.815	479.630	0.565	419.400	477.356	0.540	5.460	10.111
7/27/2010 17:59:59	60.315	480.630	0.568	419.710	479.218	0.540	5.460	10.111
7/27/2010 17:59:59	60.814	481.628	0.571	420.720	480.865	0.540	5.460	10.111
7/27/2010 18:00:00	61.314	482.628	0.570	427.840	482.819	0.540	5.570	10.315
7/27/2010 18:00:00	61.815	483.630	0.575	423.640	484.131	0.520	5.460	10.500
7/27/2010 18:00:01	62.314	484.628	0.575	429.740	485.504	0.520	5.460	10.500
7/27/2010 18:00:01	62.815	485.630	0.577	431.520	487.091	0.540	5.570	10.315
7/27/2010 18:00:02	63.314	486.628	0.579	433.020	488.617	0.540	5.570	10.315
7/27/2010 18:00:02	63.815	487.630	0.581	434.260	490.173	0.550	5.570	10.127
7/27/2010 18:00:03	64.314	488.628	0.581	438.680	491.760	0.550	5.570	10.127
7/27/2010 18:00:03	64.814	489.628	0.583	439.750	493.591	0.560	5.610	10.018
7/27/2010 18:00:04	65.314	490.628	0.585	441.370	494.751	0.550	5.610	10.200
7/27/2010 18:00:04	65.815	491.630	0.587	442.250	496.216	0.570	5.610	9.842
7/27/2010 18:00:05	66.314	492.628	0.589	444.080	497.803	0.570	5.610	9.842
7/27/2010 18:00:05	66.814	493.628	0.592	443.880	499.634	0.550	5.610	10.200
7/27/2010 18:00:06	67.314	494.628	0.591	450.010	501.038	0.560	5.680	10.143
7/27/2010 18:00:06	67.815	495.630	0.593	451.220	502.686	0.550	5.680	10.327
7/27/2010 18:00:07	68.314	496.628	0.594	452.420	504.272	0.550	5.680	10.327
7/27/2010 18:00:07	68.814	497.628	0.596	453.910	505.615	0.560	5.680	10.143
7/27/2010 18:00:08	69.314	498.628	0.599	453.230	506.775	0.580	5.680	9.793
7/27/2010 18:00:08	69.815	499.630	0.600	454.900	508.087	0.570	5.680	9.965
7/27/2010 18:00:09	70.314	500.628	0.599	461.120	509.674	0.570	5.680	9.965
7/27/2010 18:00:09	70.814	501.628	0.604	457.160	511.230	0.550	5.680	10.327
7/27/2010 18:00:10	71.314	502.628	0.602	463.560	512.451	0.560	5.740	10.250
7/27/2010 18:00:10	71.815	503.630	0.604	465.480	513.550	0.570	5.760	10.105
7/27/2010 18:00:11	72.314	504.628	0.606	466.220	514.587	0.570	5.760	10.105
7/27/2010 18:00:11	72.814	505.628	0.607	467.440	515.350	0.580	5.760	9.931
7/27/2010 18:00:12	73.314	506.628	0.607	471.020	516.083	0.580	5.760	9.931
7/27/2010 18:00:12	73.815	507.630	0.608	473.130	517.151	0.580	5.760	9.931
7/27/2010 18:00:13	74.315	508.630	0.609	475.460	518.341	0.570	5.800	10.175
7/27/2010 18:00:13	74.814	509.628	0.610	476.910	519.623	0.570	5.800	10.175
7/27/2010 18:00:14	75.315	510.630	0.607	485.030	520.691	0.570	5.870	10.298
7/27/2010 18:00:14	75.815	511.630	0.612	479.950	521.820	0.580	5.850	10.086
7/27/2010 18:00:15	76.314	512.628	0.609	487.660	522.491	0.580	5.850	10.086
7/27/2010 18:00:15	76.814	513.628	0.613	485.160	523.407	0.570	5.830	10.228
7/27/2010 18:00:16	77.315	514.630	0.608	496.430	524.200	0.570	5.910	10.368
7/27/2010 18:00:16	77.815	515.630	0.615	488.170	525.299	0.550	5.890	10.709
7/27/2010 18:00:17	78.314	516.628	0.610	498.350	525.818	0.550	5.890	10.709
7/27/2010 18:00:17	78.814	517.628	0.613	495.870	526.947	0.600	5.910	9.850
7/27/2010 18:00:18	79.315	518.630	0.612	500.180	527.924	0.560	5.960	10.643
7/27/2010 18:00:18	79.815	519.630	0.611	504.920	528.656	0.600	5.960	9.933
7/27/2010 18:00:19	80.314	520.628	0.612	505.650	529.541	0.600	5.960	9.933
7/27/2010 18:00:19	80.814	521.628	0.612	508.040	530.609	0.540	5.960	11.037
7/27/2010 18:00:20	81.315	522.630	0.611	511.760	531.525	0.590	6.000	10.169
7/27/2010 18:00:20	81.815	523.630	0.612	511.900	532.166	0.530	6.000	11.321
7/27/2010 18:00:21	82.314	524.628	0.613	512.360	533.264	0.530	6.000	11.321
7/27/2010 18:00:21	82.814	525.628	0.613	514.190	533.936	0.590	6.000	10.169
7/27/2010 18:00:22	83.315	526.630	0.614	514.140	534.912	0.620	6.040	9.742
7/27/2010 18:00:22	83.815	527.630	0.614	515.150	535.645	0.540	6.040	11.185
7/27/2010 18:00:23	84.314	528.628	0.614	517.270	536.316	0.540	6.040	11.185
7/27/2010 18:00:23	84.814	529.628	0.615	517.190	536.652	0.620	6.060	9.774
7/27/2010 18:00:24	85.315	530.630	0.616	517.710	537.201	0.540	6.060	11.222
7/27/2010 18:00:24	85.814	531.628	0.615	520.780	537.689	0.540	6.060	11.222
7/27/2010 18:00:25	86.315	532.630	0.617	520.600	538.361	0.550	6.080	11.055
7/27/2010 18:00:25	86.814	533.628	0.617	521.750	539.124	0.630	6.080	9.651
7/27/2010 18:00:26	87.315	534.630	0.619	520.400	539.917	0.620	6.110	9.855
7/27/2010 18:00:26	87.814	535.628	0.619	521.330	540.436	0.620	6.110	9.855
7/27/2010 18:00:27	88.315	536.630	0.620	522.690	540.802	0.540	6.110	11.315
7/27/2010 18:00:27	88.814	537.628	0.619	525.490	541.351	0.610	6.110	10.016
7/27/2010 18:00:28	89.315	538.630	0.620	526.540	541.687	0.590	6.130	10.390
7/27/2010 18:00:28	89.814	539.628	0.622	524.200	541.504	0.590	6.130	10.390
7/27/2010 18:00:29	90.315	540.630	0.616	536.410	541.992	0.600	6.190	10.317
7/27/2010 18:00:29	90.814	541.628	0.624	524.960	542.786	0.540	6.130	11.352
7/27/2010 18:00:30	91.315	542.630	0.617	537.810	543.335	0.540	6.130	11.352
7/27/2010 18:00:30	91.815	543.630	0.623	530.140	544.006	0.570	6.150	10.789
7/27/2010 18:00:31	92.315	544.630	0.620	537.290	545.074	0.620	6.210	10.016
7/27/2010 18:00:31	92.815	545.630	0.624	531.300	545.715	0.570	6.150	10.789
7/27/2010 18:00:32	93.315	546.630	0.619	541.880	545.898	0.650	6.210	9.554
7/27/2010 18:00:32	93.814	547.628	0.626	531.540	546.356	0.650	6.210	9.554
7/27/2010 18:00:33	94.315	548.630	0.620	544.130	546.661	0.620	6.210	10.016
7/27/2010 18:00:33	94.815	549.630	0.627	534.310	547.333	0.540	6.170	11.426
7/27/2010 18:00:34	95.315	550.630	0.623	542.440	548.035	0.640	6.210	9.703
7/27/2010 18:00:34	95.814	551.628	0.624	542.840	548.859	0.640	6.210	9.703
7/27/2010 18:00:35	96.315	552.630	0.625	542.730	549.225	0.620	6.210	10.016
7/27/2010 18:00:35	96.815	553.630	0.624	544.880	550.323	0.590	6.230	10.559
7/27/2010 18:00:36	97.315	554.630	0.624	548.140	550.873	0.590	6.230	10.559
7/27/2010 18:00:36	97.815	555.630	0.625	547.660	551.361	0.580	6.230	10.741
7/27/2010 18:00:37	98.314	556.628	0.624	549.700	552.094	0.560	6.230	11.125
7/27/2010 18:00:37	98.815	557.630	0.626	549.370	552.704	0.570	6.230	10.930
7/27/2010 18:00:38	99.315	558.630	0.626	550.640	552.948	0.570	6.230	10.930
7/27/2010 18:00:38	99.815	559.630	0.626	551.600	553.528	0.610	6.230	10.213
7/27/2010 18:00:39	100.314	560.628	0.627	551.290	554.138	0.540	6.260	11.593
7/27/2010 18:00:39	100.815	561.630	0.627	553.010	554.474	0.650	6.280	9.662
7/27/2010 18:00:40	101.314	562.628	0.630	549.960	554.962	0.650	6.280	9.662
7/27/2010 18:00:40	101.814	563.628	0.629	553.270	555.267	0.650	6.260	9.631
7/27/2010 18:00:41	102.314	564.628	0.630	553.670	555.481	0.600	6.260	10.433
7/27/2010 18:00:41	102.815	565.630	0.631	553.260	555.634	0.560	6.280	11.214
7/27/2010 18:00:42	103.314	566.628	0.629	558.030	556.061	0.560	6.280	11.214
7/27/2010 18:00:42	103.815	567.630	0.632	554.770	556.274	0.640	6.280	9.812
7/27/2010 18:00:43	104.314	568.628	0.630	559.630	556.641	0.620	6.300	10.161
7/27/2010 18:00:43	104.815	569.630	0.632	558.550	557.190	0.570	6.300	11.053
7/27/2010 18:00:44	105.314	570.628	0.630	562.800	557.709	0.570	6.300	11.053
7/27/2010 18:00:44	105.815	571.630	0.632	562.230	557.709	0.500	6.300	12.600
7/27/2010 18:00:45	106.314	572.628	0.635	558.500	558.289	0.610	6.300	10.328
7/27/2010 18:00:45	106.815	573.630	0.634	562.120	558.899	0.590	6.300	10.678
7/27/2010 18:00:46	107.314	574.628	0.634	564.040	559.265	0.590	6.300	10.678
7/27/2010 18:00:46	107.815	575.630	0.634	565.300	559.662	0.650	6.320	9.723
7/27/2010 18:00:47	108.314	576.628	0.637	562.060	560.150	0.530	6.320	11.925
7/27/2010 18:00:47	108.815	577.630	0.636	566.120	560.272	0.560	6.300	11.250
7/27/2010 18:00:48	109.314	578.628	0.638	564.300	560.547	0.560	6.300	11.250
7/27/2010 18:00:48	109.815	579.630	0.637	566.970	560.883	0.650	6.340	9.754
7/27/2010 18:00:49	110.314	580.628	0.640	564.130	561.066	0.640	6.320	9.875
7/27/2010 18:00:49	110.815	581.630	0.637	571.130	561.523	0.640	6.320	9.875
7/27/2010 18:00:50	111.314	582.628	0.640	569.650	562.042	0.550	6.300	11.455
7/27/2010 18:00:50	111.815	583.630	0.641	569.240	562.378	0.660	6.340	9.606
7/27/2010 18:00:51	112.314	584.628	0.639	573.310	563.019	0.630	6.360	10.095
7/27/2010 18:00:51	112.815	585.630	0.643	569.240	563.568	0.560	6.320	11.286
7/27/2010 18:00:52	113.314	586.628	0.641	573.710	563.660	0.560	6.320	11.286
7/27/2010 18:00:52	113.815	587.630	0.642	574.940	563.568	0.540	6.360	11.778
7/27/2010 18:00:53	114.314	588.628	0.644	572.760	563.843	0.540	6.360	11.778
7/27/2010 18:00:53	114.814	589.628	0.643	576.650	564.117	0.650	6.340	9.754
7/27/2010 18:00:54	115.315	590.630	0.644	576.870	564.545	0.650	6.380	9.815
7/27/2010 18:00:54	115.814	591.628	0.646	575.260	565.186	0.640	6.340	9.906
7/27/2010 18:00:55	116.315	592.630	0.646	577.260	565.887	0.670	6.320	9.433
7/27/2010 18:00:55	116.815	593.630	0.649	574.510	566.467	0.670	6.320	9.433
7/27/2010 18:00:56	117.315	594.630	0.649	577.300	566.833	0.550	6.380	11.600
7/27/2010 18:00:56	117.814	595.628	0.649	578.500	567.108	0.640	6.380	9.969
7/27/2010 18:00:57	118.315	596.630	0.651	578.750	567.291	0.600	6.340	10.567
7/27/2010 18:00:57	118.815	597.630	0.651	580.760	567.657	0.600	6.340	10.567
7/27/2010 18:00:58	119.315	598.630	0.651	583.470	567.810	0.680	6.360	9.353
7/27/2010 18:00:58	119.814	599.628	0.652	583.830	567.780	0.660	6.380	9.667
7/27/2010 18:00:59	120.315	600.630	0.663	566.010	567.871	0.660	6.360	9.636
7/27/2010 18:00:59	120.815	601.630	0.651	588.580	568.573	0.660	6.360	9.636
7/27/2010 18:01:00	121.315	602.630	0.656	583.370	569.458	0.650	6.410	9.862
7/27/2010 18:01:00	121.814	603.628	0.657	583.910	570.068	0.540	6.410	11.870
7/27/2010 18:01:01	122.315	604.630	0.658	584.400	570.770	0.630	6.410	10.175
7/27/2010 18:01:01	122.814	605.628	0.659	584.710	571.320	0.630	6.410	10.175
7/27/2010 18:01:02	123.314	606.628	0.661	584.280	571.625	0.650	6.360	9.785
7/27/2010 18:01:02	123.814	607.628	0.662	584.930	571.594	0.550	6.360	11.564
7/27/2010 18:01:03	124.315	608.630	0.660	591.400	571.808	0.550	6.360	11.564
7/27/2010 18:01:03	124.814	609.628	0.665	584.770	572.296	0.660	6.380	9.667
7/27/2010 18:01:04	125.315	610.630	0.667	584.430	572.937	0.630	6.410	10.175
7/27/2010 18:01:04	125.814	611.628	0.665	590.640	573.273	0.600	6.380	10.633
7/27/2010 18:01:05	126.315	612.630	0.666	592.020	573.578	0.550	6.380	11.600
7/27/2010 18:01:05	126.814	613.628	0.668	591.290	574.066	0.550	6.380	11.600
7/27/2010 18:01:06	127.314	614.628	0.669	591.710	574.066	0.670	6.380	9.522
7/27/2010 18:01:06	127.814	615.628	0.672	589.170	574.646	0.650	6.380	9.815
7/27/2010 18:01:07	128.315	616.630	0.677	582.340	575.378	0.650	6.380	9.815
7/27/2010 18:01:07	128.814	617.628	0.673	592.740	576.111	0.620	6.340	10.226
7/27/2010 18:01:08	129.315	618.630	0.673	595.140	576.904	0.660	6.380	9.667
7/27/2010 18:01:08	129.814	619.628	0.676	593.270	577.789	0.670	6.360	9.493
7/27/2010 18:01:09	130.315	620.630	0.678	593.080	578.156	0.650	6.360	9.785
7/27/2010 18:01:09	130.814	621.628	0.678	595.040	578.278	0.650	6.360	9.785
7/27/2010 18:01:10	131.315	622.630	0.691	576.660	578.644	0.690	6.360	9.217
7/27/2010 18:01:10	131.814	623.628	0.679	599.460	578.705	0.700	6.410	9.157
7/27/2010 18:01:11	132.315	624.630	0.684	595.990	579.193	0.600	6.340	10.567
7/27/2010 18:01:11	132.814	625.628	0.684	598.350	579.559	0.600	6.340	10.567
7/27/2010 18:01:12	133.315	626.630	0.686	597.680	580.170	0.610	6.340	10.393
7/27/2010 18:01:12	133.814	627.628	0.719	544.590	580.902	0.650	5.960	9.169
7/27/2010 18:01:13	134.315	628.630	0.691	593.010	580.902	0.620	6.320	10.194
7/27/2010 18:01:13	134.814	629.628	0.695	594.760	581.207	0.620	6.320	10.194
7/27/2010 18:01:14	135.315	630.630	0.696	597.630	581.482	0.560	6.340	11.321
7/27/2010 18:01:14	135.814	631.628	0.702	589.680	581.726	0.700	6.320	9.029
7/27/2010 18:01:15	136.315	632.630	0.695	604.860	582.031	0.650	6.340	9.754
7/27/2010 18:01:15	136.814	633.628	0.703	595.200	583.405	0.650	6.340	9.754
7/27/2010 18:01:16	137.315	634.630	0.700	604.270	583.862	0.590	6.360	10.780
7/27/2010 18:01:16	137.814	635.628	0.705	598.800	584.991	0.610	6.320	10.361
7/27/2010 18:01:17	138.315	636.630	0.702	607.140	585.937	0.610	6.320	10.361
7/27/2010 18:01:17	138.814	637.628	0.706	604.010	586.609	0.690	6.380	9.246
7/27/2010 18:01:18	139.314	638.628	0.705	609.040	586.792	0.730	6.320	8.658
7/27/2010 18:01:18	139.814	639.628	0.707	608.450	587.555	0.670	6.340	9.463
7/27/2010 18:01:19	140.315	640.630	0.711	604.690	587.891	0.710	6.360	8.958
7/27/2010 18:01:19	140.814	641.628	0.708	612.650	588.531	0.710	6.360	8.958
7/27/2010 18:01:20	141.314	642.628	0.714	607.670	589.233	0.600	6.340	10.567
7/27/2010 18:01:20	141.814	643.628	0.717	604.770	590.118	0.630	6.340	10.063
7/27/2010 18:01:21	142.315	644.630	0.714	613.800	590.759	0.680	6.360	9.353
7/27/2010 18:01:21	142.814	645.628	0.718	610.760	591.583	0.680	6.360	9.353
7/27/2010 18:01:22	143.314	646.628	0.720	610.570	591.919	0.700	5.910	8.443
7/27/2010 18:01:22	143.814	647.628	0.749	563.150	592.194	0.650	5.980	9.200
7/27/2010 18:01:23	144.315	648.630	0.728	601.990	591.858	0.720	6.280	8.722
7/27/2010 18:01:23	144.814	649.628	0.730	606.470	592.133	0.720	6.280	8.722
7/27/2010 18:01:24	145.314	650.628	0.729	612.830	592.224	0.680	6.320	9.294
7/27/2010 18:01:24	145.814	651.628	0.732	611.820	592.621	0.650	6.320	9.723
7/27/2010 18:01:25	146.315	652.630	0.732	614.640	593.140	0.710	6.280	8.845
7/27/2010 18:01:25	146.814	653.628	0.735	615.000	594.299	0.710	6.280	8.845
7/27/2010 18:01:26	147.314	654.628	0.736	616.720	594.666	0.730	6.230	8.534
7/27/2010 18:01:26	147.814	655.628	0.738	615.970	595.032	0.670	6.320	9.433
7/27/2010 18:01:27	148.315	656.630	0.739	618.120	595.642	0.730	6.340	8.685
7/27/2010 18:01:27	148.814	657.628	0.742	617.480	596.375	0.730	6.340	8.685
7/27/2010 18:01:28	149.314	658.628	0.741	622.680	597.107	0.690	6.340	9.188
7/27/2010 18:01:28	149.814	659.628	0.745	619.240	597.961	0.710	6.320	8.901
7/27/2010 18:01:29	150.315	660.630	0.747	618.960	598.846	0.720	6.280	8.722
7/27/2010 18:01:29	150.814	661.628	0.748	621.270	599.792	0.720	6.280	8.722
7/27/2010 18:01:30	151.314	662.628	0.752	618.940	599.854	0.650	6.320	9.723
7/27/2010 18:01:30	151.815	663.630	0.752	622.930	600.342	0.660	6.340	9.606
7/27/2010 18:01:31	152.315	664.630	0.753	625.490	601.074	0.660	6.340	9.606
7/27/2010 18:01:31	152.815	665.630	0.754	626.940	601.654	0.710	6.300	8.873
7/27/2010 18:01:32	153.314	666.628	0.757	626.140	602.325	0.700	6.280	8.971
7/27/2010 18:01:32	153.815	667.630	0.759	626.700	603.180	0.760	6.320	8.316
7/27/2010 18:01:33	154.315	668.630	0.800	559.420	604.156	0.710	5.800	8.169
7/27/2010 18:01:33	154.814	669.628	0.772	610.410	604.523	0.710	5.800	8.169
7/27/2010 18:01:34	155.314	670.628	0.777	610.930	605.164	0.760	6.210	8.171
7/27/2010 18:01:34	155.815	671.630	0.774	622.170	605.438	0.700	6.230	8.900
7/27/2010 18:01:35	156.315	672.630	0.776	624.790	606.445	0.700	6.260	8.943
7/27/2010 18:01:35	156.814	673.628	0.781	620.490	606.720	0.700	6.260	8.943
7/27/2010 18:01:36	157.314	674.628	0.779	628.630	607.697	0.690	6.260	9.072
7/27/2010 18:01:36	157.815	675.630	0.782	627.110	608.551	0.760	6.210	8.171
7/27/2010 18:01:37	158.315	676.630	0.784	629.370	609.283	0.780	6.260	8.026
7/27/2010 18:01:37	158.814	677.628	0.787	628.320	610.016	0.780	6.260	8.026
7/27/2010 18:01:38	159.314	678.628	0.788	630.880	610.779	0.670	6.260	9.343
7/27/2010 18:01:38	159.815	679.630	0.792	629.030	611.481	0.780	6.260	8.026
7/27/2010 18:01:39	160.314	680.628	0.795	627.620	612.061	0.780	6.260	8.026
7/27/2010 18:01:39	160.815	681.630	0.791	638.620	612.701	0.780	6.280	8.051
7/27/2010 18:01:40	161.314	682.628	0.796	636.000	612.823	0.750	6.210	8.280
7/27/2010 18:01:40	161.815	683.630	0.797	637.430	613.983	0.780	6.260	8.026
7/27/2010 18:01:41	162.314	684.628	0.801	635.380	614.777	0.780	6.260	8.026
7/27/2010 18:01:41	162.815	685.630	0.839	573.930	615.601	0.770	5.890	7.649
7/27/2010 18:01:42	163.314	686.628	0.813	621.510	616.211	0.800	6.130	7.662
7/27/2010 18:01:42	163.815	687.630	0.816	626.080	617.096	0.750	6.150	8.200
7/27/2010 18:01:43	164.314	688.628	0.816	631.670	617.004	0.750	6.150	8.200
7/27/2010 18:01:43	164.815	689.630	0.820	631.750	616.882	0.790	6.170	7.810
7/27/2010 18:01:44	165.314	690.628	0.821	634.800	617.187	0.780	6.130	7.859
7/27/2010 18:01:44	165.815	691.630	0.819	642.210	618.286	0.780	6.210	7.962
7/27/2010 18:01:45	166.314	692.628	0.826	635.230	619.202	0.780	6.210	7.962
7/27/2010 18:01:45	166.815	693.630	0.825	642.130	620.056	0.720	6.190	8.597
7/27/2010 18:01:46	167.315	694.630	0.845	612.630	621.429	0.820	6.150	7.500
7/27/2010 18:01:46	167.815	695.630	0.827	648.020	622.559	0.820	6.170	7.524
7/27/2010 18:01:47	168.314	696.628	0.838	636.610	623.566	0.820	6.170	7.524
7/27/2010 18:01:47	168.815	697.630	0.838	641.280	624.420	0.810	6.110	7.543
7/27/2010 18:01:48	169.315	698.630	0.840	642.230	625.519	0.730	6.130	8.397
7/27/2010 18:01:48	169.815	699.630	0.838	650.480	626.251	0.730	6.130	8.397
7/27/2010 18:01:49	170.315	700.630	0.846	643.320	627.045	0.790	6.190	7.835
7/27/2010 18:01:49	170.814	701.628	0.848	644.330	627.411	0.800	6.190	7.737
7/27/2010 18:01:50	171.315	702.630	0.848	648.170	628.235	0.750	6.130	8.173
7/27/2010 18:01:50	171.815	703.630	0.851	648.600	628.876	0.800	6.130	7.662
7/27/2010 18:01:51	172.314	704.628	0.853	650.240	629.852	0.800	6.130	7.662
7/27/2010 18:01:51	172.814	705.628	0.857	648.940	630.463	0.800	6.150	7.687
7/27/2010 18:01:52	173.315	706.630	0.860	648.390	631.470	0.830	6.130	7.386
7/27/2010 18:01:52	173.815	707.630	0.863	648.310	632.324	0.800	6.130	7.662
7/27/2010 18:01:53	174.314	708.628	0.866	646.890	632.965	0.800	6.130	7.662
7/27/2010 18:01:53	174.814	709.628	0.865	653.830	633.514	0.810	6.080	7.506
7/27/2010 18:01:54	175.315	710.630	0.907	587.180	634.125	0.850	5.680	6.682
7/27/2010 18:01:54	175.815	711.630	0.888	623.290	634.155	0.850	5.910	6.953
7/27/2010 18:01:55	176.314	712.628	0.890	631.450	634.308	0.850	5.910	6.953
7/27/2010 18:01:55	176.814	713.628	0.886	645.580	634.918	0.870	6.020	6.920
7/27/2010 18:01:56	177.315	714.630	0.889	648.000	635.315	0.810	6.040	7.457
7/27/2010 18:01:56	177.815	715.630	0.892	647.970	635.925	0.830	6.040	7.277
7/27/2010 18:01:57	178.314	716.628	0.892	653.960	636.658	0.830	6.040	7.277
7/27/2010 18:01:57	178.814	717.628	0.894	655.780	637.634	0.830	6.060	7.301
7/27/2010 18:01:58	179.315	718.630	0.897	656.350	638.794	0.790	6.020	7.620
7/27/2010 18:01:58	179.815	719.630	0.901	656.290	639.771	0.880	6.000	6.818
7/27/2010 18:01:59	180.314	720.628	0.901	660.570	640.717	0.880	6.000	6.818
7/27/2010 18:01:59	180.814	721.628	0.904	661.420	641.937	0.880	6.020	6.841
7/27/2010 18:02:00	181.315	722.630	0.909	658.010	642.761	0.880	6.040	6.864
7/27/2010 18:02:00	181.815	723.630	0.912	657.740	643.158	0.820	6.040	7.366
7/27/2010 18:02:01	182.314	724.628	0.914	659.540	643.982	0.820	6.040	7.366
7/27/2010 18:02:01	182.814	725.628	0.918	659.920	644.714	0.860	6.020	7.000
7/27/2010 18:02:02	183.315	726.630	0.920	662.030	645.660	0.890	6.000	6.742
7/27/2010 18:02:02	183.815	727.630	0.923	661.990	646.515	0.900	6.020	6.689
7/27/2010 18:02:03	184.314	728.628	0.922	669.110	647.186	0.900	6.020	6.689
7/27/2010 18:02:03	184.814	729.628	0.927	667.320	648.071	0.860	6.040	7.023
7/27/2010 18:02:04	185.315	730.630	0.928	669.790	649.933	0.850	6.040	7.106
7/27/2010 18:02:04	185.814	731.628	0.933	666.320	650.726	0.850	6.040	7.106
7/27/2010 18:02:05	186.315	732.630	0.934	670.310	651.825	0.900	6.020	6.689
7/27/2010 18:02:05	186.814	733.628	0.938	669.970	653.076	0.910	5.550	6.099
7/27/2010 18:02:06	187.315	734.630	0.987	591.220	654.053	0.890	5.420	6.090
7/27/2010 18:02:06	187.814	735.628	0.969	625.070	653.168	0.890	5.420	6.090
7/27/2010 18:02:07	188.315	736.630	0.977	623.720	652.679	0.900	5.720	6.356
7/27/2010 18:02:07	188.814	737.628	0.969	645.260	652.130	0.950	5.780	6.084
7/27/2010 18:02:08	189.315	738.630	0.978	640.090	651.764	0.940	5.780	6.149
7/27/2010 18:02:08	189.814	739.628	0.974	653.550	651.367	0.940	5.780	6.149
7/27/2010 18:02:09	190.315	740.630	0.978	655.910	651.825	0.910	5.830	6.407
7/27/2010 18:02:09	190.815	741.630	0.980	660.050	652.771	0.950	5.850	6.158
7/27/2010 18:02:10	191.315	742.630	0.985	658.390	653.992	0.950	5.830	6.137
7/27/2010 18:02:10	191.814	743.628	0.985	664.190	655.090	0.950	5.830	6.137
7/27/2010 18:02:11	192.314	744.628	0.989	664.550	656.158	0.950	5.850	6.158
7/27/2010 18:02:11	192.815	745.630	0.992	666.190	657.623	0.940	5.870	6.245
7/27/2010 18:02:12	193.315	746.630	0.993	671.090	658.966	0.940	5.870	6.245
7/27/2010 18:02:12	193.814	747.628	0.998	670.300	659.851	0.940	5.870	6.245
7/27/2010 18:02:13	194.314	748.628	1.001	670.430	661.041	0.970	5.850	6.031
7/27/2010 18:02:13	194.815	749.630	1.003	673.890	661.957	0.980	5.800	5.918
7/27/2010 18:02:14	195.315	750.000	1.006	675.430	662.476	0.960	5.870	6.115
